0000000000000000
0000000000000000
0000000000000001
0000000000000011
0000000000000101
0000000000001000
0000000000001011
0000000000001111
0000000000010100
0000000000011001
0000000000011111
0000000000100101
0000000000101100
0000000000110100
0000000000111101
0000000001000101
0000000001001111
0000000001011001
0000000001100100
0000000001101111
0000000001111011
0000000010001000
0000000010010101
0000000010100011
0000000010110010
0000000011000001
0000000011010000
0000000011100001
0000000011110010
0000000100000011
0000000100010101
0000000100101000
0000000100111011
0000000101001111
0000000101100100
0000000101111001
0000000110001111
0000000110100101
0000000110111100
0000000111010100
0000000111101100
0000001000000101
0000001000011110
0000001000111000
0000001001010011
0000001001101110
0000001010001010
0000001010100110
0000001011000011
0000001011100000
0000001011111110
0000001100011101
0000001100111101
0000001101011100
0000001101111101
0000001110011110
0000001111000000
0000001111100010
0000010000000101
0000010000101000
0000010001001100
0000010001110000
0000010010010110
0000010010111011
0000010011100010
0000010100001000
0000010100110000
0000010101011000
0000010110000000
0000010110101001
0000010111010011
0000010111111101
0000011000101000
0000011001010011
0000011001111111
0000011010101100
0000011011011001
0000011100000110
0000011100110100
0000011101100011
0000011110010010
0000011111000010
0000011111110010
0000100000100011
0000100001010101
0000100010000110
0000100010111001
0000100011101100
0000100100011111
0000100101010011
0000100110001000
0000100110111101
0000100111110011
0000101000101001
0000101001011111
0000101010010111
0000101011001110
0000101100000111
0000101100111111
0000101101111001
0000101110110010
0000101111101101
0000110000100111
0000110001100010
0000110010011110
0000110011011010
0000110100010111
0000110101010100
0000110110010010
0000110111010000
0000111000001111
0000111001001110
0000111010001110
0000111011001110
0000111100001111
0000111101010000
0000111110010001
0000111111010011
0001000000010110
0001000001011001
0001000010011100
0001000011100000
0001000100100100
0001000101101001
0001000110101110
0001000111110100
0001001000111010
0001001010000001
0001001011001000
0001001100001111
0001001101010111
0001001110011111
0001001111101000
0001010000110001
0001010001111011
0001010011000101
0001010100001111
0001010101011010
0001010110100101
0001010111110001
0001011000111101
0001011010001001
0001011011010110
0001011100100011
0001011101110001
0001011110111111
0001100000001101
0001100001011100
0001100010101011
0001100011111011
0001100101001011
0001100110011011
0001100111101100
0001101000111101
0001101010001110
0001101011100000
0001101100110010
0001101110000101
0001101111011000
0001110000101011
0001110001111110
0001110011010010
0001110100100111
0001110101111011
0001110111010000
0001111000100101
0001111001111011
0001111011010001
0001111100100111
0001111101111101
0001111111010100
0010000000101011
0010000010000011
0010000011011011
0010000100110011
0010000110001011
0010000111100100
0010001000111101
0010001010010110
0010001011101111
0010001101001001
0010001110100011
0010001111111110
0010010001011000
0010010010110011
0010010100001110
0010010101101010
0010010111000101
0010011000100001
0010011001111101
0010011011011010
0010011100110110
0010011110010011
0010011111110000
0010100001001110
0010100010101011
0010100100001001
0010100101100111
0010100111000101
0010101000100100
0010101010000011
0010101011100001
0010101101000001
0010101110100000
0010101111111111
0010110001011111
0010110010111111
0010110100011111
0010110101111111
0010110111100000
0010111001000000
0010111010100001
0010111100000010
0010111101100011
0010111111000100
0011000000100110
0011000010000111
0011000011101001
0011000101001011
0011000110101101
0011001000001111
0011001001110001
0011001011010100
0011001100110110
0011001110011001
0011001111111100
0011010001011111
0011010011000010
0011010100100101
0011010110001000
0011010111101011
0011011001001111
0011011010110010
0011011100010110
0011011101111001
0011011111011101
0011100001000001
0011100010100101
0011100100001001
0011100101101101
0011100111010001
0011101000110101
0011101010011010
0011101011111110
0011101101100010
0011101111000111
0011110000101011
0011110010001111
0011110011110100
0011110101011000
0011110110111101
0011111000100010
0011111010000110
0011111011101011
0011111101001111
0011111110110100
0100000000011001
0100000001111101
0100000011100010
0100000101000111
0100000110101011
0100001000010000
0100001001110100
0100001011011001
0100001100111101
0100001110100010
0100010000000110
0100010001101011
0100010011001111
0100010100110011
0100010110011000
0100010111111100
0100011001100000
0100011011000100
0100011100101000
0100011110001100
0100011111110000
0100100001010100
0100100010110111
0100100100011011
0100100101111111
0100100111100010
0100101001000110
0100101010101001
0100101100001100
0100101101101111
0100101111010010
0100110000110101
0100110010011000
0100110011111010
0100110101011101
0100110110111111
0100111000100001
0100111010000011
0100111011100101
0100111101000111
0100111110101001
0101000000001010
0101000001101011
0101000011001101
0101000100101110
0101000110001110
0101000111101111
0101001001010000
0101001010110000
0101001100010000
0101001101110000
0101001111010000
0101010000101111
0101010010001111
0101010011101110
0101010101001101
0101010110101100
0101011000001010
0101011001101001
0101011011000111
0101011100100101
0101011110000011
0101011111100000
0101100000111101
0101100010011010
0101100011110111
0101100101010100
0101100110110000
0101101000001100
0101101001101000
0101101011000011
0101101100011110
0101101101111001
0101101111010100
0101110000101111
0101110010001001
0101110011100011
0101110100111100
0101110110010110
0101110111101111
0101111001001000
0101111010100000
0101111011111000
0101111101010000
0101111110101000
0101111111111111
0110000001010110
0110000010101101
0110000100000011
0110000101011001
0110000110101111
0110001000000100
0110001001011010
0110001010101110
0110001100000011
0110001101010111
0110001110101010
0110001111111110
0110010001010001
0110010010100100
0110010011110110
0110010101001000
0110010110011001
0110010111101011
0110011000111100
0110011010001100
0110011011011100
0110011100101100
0110011101111011
0110011111001010
0110100000011001
0110100001100111
0110100010110101
0110100100000010
0110100101010000
0110100110011100
0110100111101000
0110101000110100
0110101010000000
0110101011001011
0110101100010101
0110101101100000
0110101110101001
0110101111110011
0110110000111100
0110110010000100
0110110011001100
0110110100010100
0110110101011011
0110110110100010
0110110111101000
0110111000101110
0110111001110011
0110111010111000
0110111011111101
0110111101000001
0110111110000101
0110111111001000
0111000000001011
0111000001001101
0111000010001111
0111000011010000
0111000100010001
0111000101010001
0111000110010001
0111000111010000
0111001000001111
0111001001001110
0111001010001100
0111001011001001
0111001100000110
0111001101000011
0111001101111111
0111001110111010
0111001111110101
0111010000110000
0111010001101010
0111010010100011
0111010011011100
0111010100010101
0111010101001101
0111010110000100
0111010110111011
0111010111110001
0111011000100111
0111011001011101
0111011010010001
0111011011000110
0111011011111001
0111011100101101
0111011101011111
0111011110010010
0111011111000011
0111011111110100
0111100000100101
0111100001010101
0111100010000100
0111100010110011
0111100011100010
0111100100010000
0111100100111101
0111100101101010
0111100110010110
0111100111000001
0111100111101100
0111101000010111
0111101001000001
0111101001101010
0111101010010011
0111101010111011
0111101011100011
0111101100001010
0111101100110001
0111101101010111
0111101101111100
0111101110100001
0111101111000101
0111101111101001
0111110000001100
0111110000101110
0111110001010000
0111110001110010
0111110010010010
0111110010110011
0111110011010010
0111110011110001
0111110100010000
0111110100101101
0111110101001011
0111110101100111
0111110110000011
0111110110011111
0111110110111010
0111110111010100
0111110111101110
0111111000000111
0111111000011111
0111111000110111
0111111001001110
0111111001100101
0111111001111011
0111111010010001
0111111010100101
0111111010111010
0111111011001101
0111111011100000
0111111011110011
0111111100000101
0111111100010110
0111111100100110
0111111100110110
0111111101000110
0111111101010101
0111111101100011
0111111101110000
0111111101111101
0111111110001010
0111111110010101
0111111110100000
0111111110101011
0111111110110101
0111111110111110
0111111111000111
0111111111001111
0111111111010110
0111111111011101
0111111111100011
0111111111101001
0111111111101110
0111111111110010
0111111111110110
0111111111111001
0111111111111011
0111111111111101
0111111111111110
0111111111111111
0111111111111111
0111111111111110
0111111111111101
0111111111111011
0111111111111001
0111111111110110
0111111111110010
0111111111101110
0111111111101001
0111111111100011
0111111111011101
0111111111010110
0111111111001111
0111111111000111
0111111110111110
0111111110110101
0111111110101011
0111111110100000
0111111110010101
0111111110001010
0111111101111101
0111111101110000
0111111101100011
0111111101010101
0111111101000110
0111111100110110
0111111100100110
0111111100010110
0111111100000101
0111111011110011
0111111011100000
0111111011001101
0111111010111010
0111111010100101
0111111010010001
0111111001111011
0111111001100101
0111111001001110
0111111000110111
0111111000011111
0111111000000111
0111110111101110
0111110111010100
0111110110111010
0111110110011111
0111110110000011
0111110101100111
0111110101001011
0111110100101101
0111110100010000
0111110011110001
0111110011010010
0111110010110011
0111110010010010
0111110001110010
0111110001010000
0111110000101110
0111110000001100
0111101111101001
0111101111000101
0111101110100001
0111101101111100
0111101101010111
0111101100110001
0111101100001010
0111101011100011
0111101010111011
0111101010010011
0111101001101010
0111101001000001
0111101000010111
0111100111101100
0111100111000001
0111100110010110
0111100101101010
0111100100111101
0111100100010000
0111100011100010
0111100010110011
0111100010000100
0111100001010101
0111100000100101
0111011111110100
0111011111000011
0111011110010010
0111011101011111
0111011100101101
0111011011111001
0111011011000110
0111011010010001
0111011001011101
0111011000100111
0111010111110001
0111010110111011
0111010110000100
0111010101001101
0111010100010101
0111010011011100
0111010010100011
0111010001101010
0111010000110000
0111001111110101
0111001110111010
0111001101111111
0111001101000011
0111001100000110
0111001011001001
0111001010001100
0111001001001110
0111001000001111
0111000111010000
0111000110010001
0111000101010001
0111000100010001
0111000011010000
0111000010001111
0111000001001101
0111000000001011
0110111111001000
0110111110000101
0110111101000001
0110111011111101
0110111010111000
0110111001110011
0110111000101110
0110110111101000
0110110110100010
0110110101011011
0110110100010100
0110110011001100
0110110010000100
0110110000111100
0110101111110011
0110101110101001
0110101101100000
0110101100010101
0110101011001011
0110101010000000
0110101000110100
0110100111101000
0110100110011100
0110100101010000
0110100100000010
0110100010110101
0110100001100111
0110100000011001
0110011111001010
0110011101111011
0110011100101100
0110011011011100
0110011010001100
0110011000111100
0110010111101011
0110010110011001
0110010101001000
0110010011110110
0110010010100100
0110010001010001
0110001111111110
0110001110101010
0110001101010111
0110001100000011
0110001010101110
0110001001011010
0110001000000100
0110000110101111
0110000101011001
0110000100000011
0110000010101101
0110000001010110
0101111111111111
0101111110101000
0101111101010000
0101111011111000
0101111010100000
0101111001001000
0101110111101111
0101110110010110
0101110100111100
0101110011100011
0101110010001001
0101110000101111
0101101111010100
0101101101111001
0101101100011110
0101101011000011
0101101001101000
0101101000001100
0101100110110000
0101100101010100
0101100011110111
0101100010011010
0101100000111101
0101011111100000
0101011110000011
0101011100100101
0101011011000111
0101011001101001
0101011000001010
0101010110101100
0101010101001101
0101010011101110
0101010010001111
0101010000101111
0101001111010000
0101001101110000
0101001100010000
0101001010110000
0101001001010000
0101000111101111
0101000110001110
0101000100101110
0101000011001101
0101000001101011
0101000000001010
0100111110101001
0100111101000111
0100111011100101
0100111010000011
0100111000100001
0100110110111111
0100110101011101
0100110011111010
0100110010011000
0100110000110101
0100101111010010
0100101101101111
0100101100001100
0100101010101001
0100101001000110
0100100111100010
0100100101111111
0100100100011011
0100100010110111
0100100001010100
0100011111110000
0100011110001100
0100011100101000
0100011011000100
0100011001100000
0100010111111100
0100010110011000
0100010100110011
0100010011001111
0100010001101011
0100010000000110
0100001110100010
0100001100111101
0100001011011001
0100001001110100
0100001000010000
0100000110101011
0100000101000111
0100000011100010
0100000001111101
0100000000011001
0011111110110100
0011111101001111
0011111011101011
0011111010000110
0011111000100010
0011110110111101
0011110101011000
0011110011110100
0011110010001111
0011110000101011
0011101111000111
0011101101100010
0011101011111110
0011101010011010
0011101000110101
0011100111010001
0011100101101101
0011100100001001
0011100010100101
0011100001000001
0011011111011101
0011011101111001
0011011100010110
0011011010110010
0011011001001111
0011010111101011
0011010110001000
0011010100100101
0011010011000010
0011010001011111
0011001111111100
0011001110011001
0011001100110110
0011001011010100
0011001001110001
0011001000001111
0011000110101101
0011000101001011
0011000011101001
0011000010000111
0011000000100110
0010111111000100
0010111101100011
0010111100000010
0010111010100001
0010111001000000
0010110111100000
0010110101111111
0010110100011111
0010110010111111
0010110001011111
0010101111111111
0010101110100000
0010101101000001
0010101011100001
0010101010000011
0010101000100100
0010100111000101
0010100101100111
0010100100001001
0010100010101011
0010100001001110
0010011111110000
0010011110010011
0010011100110110
0010011011011010
0010011001111101
0010011000100001
0010010111000101
0010010101101010
0010010100001110
0010010010110011
0010010001011000
0010001111111110
0010001110100011
0010001101001001
0010001011101111
0010001010010110
0010001000111101
0010000111100100
0010000110001011
0010000100110011
0010000011011011
0010000010000011
0010000000101011
0001111111010100
0001111101111101
0001111100100111
0001111011010001
0001111001111011
0001111000100101
0001110111010000
0001110101111011
0001110100100111
0001110011010010
0001110001111110
0001110000101011
0001101111011000
0001101110000101
0001101100110010
0001101011100000
0001101010001110
0001101000111101
0001100111101100
0001100110011011
0001100101001011
0001100011111011
0001100010101011
0001100001011100
0001100000001101
0001011110111111
0001011101110001
0001011100100011
0001011011010110
0001011010001001
0001011000111101
0001010111110001
0001010110100101
0001010101011010
0001010100001111
0001010011000101
0001010001111011
0001010000110001
0001001111101000
0001001110011111
0001001101010111
0001001100001111
0001001011001000
0001001010000001
0001001000111010
0001000111110100
0001000110101110
0001000101101001
0001000100100100
0001000011100000
0001000010011100
0001000001011001
0001000000010110
0000111111010011
0000111110010001
0000111101010000
0000111100001111
0000111011001110
0000111010001110
0000111001001110
0000111000001111
0000110111010000
0000110110010010
0000110101010100
0000110100010111
0000110011011010
0000110010011110
0000110001100010
0000110000100111
0000101111101101
0000101110110010
0000101101111001
0000101100111111
0000101100000111
0000101011001110
0000101010010111
0000101001011111
0000101000101001
0000100111110011
0000100110111101
0000100110001000
0000100101010011
0000100100011111
0000100011101100
0000100010111001
0000100010000110
0000100001010101
0000100000100011
0000011111110010
0000011111000010
0000011110010010
0000011101100011
0000011100110100
0000011100000110
0000011011011001
0000011010101100
0000011001111111
0000011001010011
0000011000101000
0000010111111101
0000010111010011
0000010110101001
0000010110000000
0000010101011000
0000010100110000
0000010100001000
0000010011100010
0000010010111011
0000010010010110
0000010001110000
0000010001001100
0000010000101000
0000010000000101
0000001111100010
0000001111000000
0000001110011110
0000001101111101
0000001101011100
0000001100111101
0000001100011101
0000001011111110
0000001011100000
0000001011000011
0000001010100110
0000001010001010
0000001001101110
0000001001010011
0000001000111000
0000001000011110
0000001000000101
0000000111101100
0000000111010100
0000000110111100
0000000110100101
0000000110001111
0000000101111001
0000000101100100
0000000101001111
0000000100111011
0000000100101000
0000000100010101
0000000100000011
0000000011110010
0000000011100001
0000000011010000
0000000011000001
0000000010110010
0000000010100011
0000000010010101
0000000010001000
0000000001111011
0000000001101111
0000000001100100
0000000001011001
0000000001001111
0000000001000101
0000000000111101
0000000000110100
0000000000101100
0000000000100101
0000000000011111
0000000000011001
0000000000010100
0000000000001111
0000000000001011
0000000000001000
0000000000000101
0000000000000011
0000000000000001
0000000000000000
0000000000000000
