0000000000000000
0011011010010000
0001111101011001
0000011011000100
0011100101000111
0110100101001010
0100100101001110
0010011000011110
0100110010101000
0110111111011000
0100001011000000
0001001010111101
0010110101001110
0100010111100011
0001000000000110
1101100101110101
1110111111111001
0000011100110000
1101001010110001
1010000000101101
1011110100111111
1101110100111011
1011001101010111
1000110011001101
1011011010110001
1110001111001001
1100011010111000
1010110000100111
1110000010100110
0001011010000011
1111111111111111
1110100101111100
0001111101011001
0101001111011000
0011100101000111
0001110000110110
0100100101001110
0111001100110010
0100110010101000
0010001011000100
0100001011000000
0101111111010010
0010110101001110
1111100011001111
0001000000000110
0010011010001010
1110111111111001
1011101000011100
1101001010110001
1110110101000010
1011110100111111
1001000000100111
1011001101010111
1101100111100001
1011011010110001
1001011010110101
1100011010111000
1111100100111011
1110000010100110
1100100101101111
1111111111111111
0011011010010000
0001111101011001
0000011011000100
0011100101000111
0110100101001010
0100100101001110
0010011000011110
0100110010101000
0110111111011000
0100001011000000
0001001010111101
0010110101001110
0100010111100011
0001000000000110
1101100101110101
1110111111111001
0000011100110000
1101001010110001
1010000000101101
1011110100111111
1101110100111011
1011001101010111
1000110011001101
1011011010110001
1110001111001001
1100011010111000
1010110000100111
1110000010100110
0001011010000011
1111111111111111
1110100101111100
0001111101011001
0101001111011000
0011100101000111
0001110000110110
0100100101001110
0111001100110010
0100110010101000
0010001011000100
0100001011000000
0101111111010010
0010110101001110
1111100011001111
0001000000000110
0010011010001010
1110111111111001
1011101000011100
1101001010110001
1110110101000010
1011110100111111
1001000000100111
1011001101010111
1101100111100001
1011011010110001
1001011010110101
1100011010111000
1111100100111011
1110000010100110
1100100101101111
1111111111111111
0011011010010000
0001111101011001
0000011011000100
0011100101000111
0110100101001010
0100100101001110
0010011000011110
0100110010101000
0110111111011000
0100001011000000
0001001010111101
0010110101001110
0100010111100011
0001000000000110
1101100101110101
1110111111111001
0000011100110000
1101001010110001
1010000000101101
1011110100111111
1101110100111011
1011001101010111
1000110011001101
1011011010110001
1110001111001001
1100011010111000
1010110000100111
1110000010100110
0001011010000011
0000000000000000
1110100101111100
0001111101011001
0101001111011000
0011100101000111
0001110000110110
0100100101001110
0111001100110010
0100110010101000
0010001011000100
0100001011000000
0101111111010010
0010110101001110
1111100011001111
0001000000000110
0010011010001010
1110111111111001
1011101000011100
1101001010110001
1110110101000010
1011110100111111
1001000000100111
1011001101010111
1101100111100001
1011011010110001
1001011010110101
1100011010111000
1111100100111011
1110000010100110
1100100101101111
1111111111111111
0011011010010000
0001111101011001
0000011011000100
0011100101000111
0110100101001010
0100100101001110
0010011000011110
0100110010101000
0110111111011000
0100001011000000
0001001010111101
0010110101001110
0100010111100011
0001000000000110
1101100101110101
1110111111111001
0000011100110000
1101001010110001
1010000000101101
1011110100111111
1101110100111011
1011001101010111
1000110011001101
1011011010110001
1110001111001001
1100011010111000
1010110000100111
1110000010100110
0001011010000011
0000000000000000
1110100101111100
0001111101011001
0101001111011000
0011100101000111
0001110000110110
0100100101001110
0111001100110010
0100110010101000
0010001011000100
0100001011000000
0101111111010010
0010110101001110
1111100011001111
0001000000000110
0010011010001010
1110111111111001
1011101000011100
1101001010110001
1110110101000010
1011110100111111
1001000000100111
1011001101010111
1101100111100001
1011011010110001
1001011010110101
1100011010111000
1111100100111011
1110000010100110
1100100101101111
1111111111111111
0011011010010000
0001111101011001
0000011011000100
0011100101000111
0110100101001010
0100100101001110
0010011000011110
0100110010101000
0110111111011000
0100001011000000
0001001010111101
0010110101001110
0100010111100011
0001000000000110
1101100101110101
1110111111111001
0000011100110000
1101001010110001
1010000000101101
1011110100111111
1101110100111011
1011001101010111
1000110011001101
1011011010110001
1110001111001001
1100011010111000
1010110000100111
1110000010100110
0001011010000011
0000000000000000
1110100101111100
0001111101011001
0101001111011000
0011100101000111
0001110000110110
0100100101001110
0111001100110010
0100110010101000
0010001011000100
0100001011000000
0101111111010010
0010110101001110
1111100011001111
0001000000000110
0010011010001010
1110111111111001
1011101000011100
1101001010110001
1110110101000010
1011110100111111
1001000000100111
1011001101010111
1101100111100001
1011011010110001
1001011010110101
1100011010111000
1111100100111011
1110000010100110
1100100101101111
1111111111111111
0011011010010000
0001111101011001
0000011011000100
0011100101000111
0110100101001010
0100100101001110
0010011000011110
0100110010101000
0110111111011000
0100001011000000
0001001010111101
0010110101001110
0100010111100011
0001000000000110
1101100101110101
1110111111111001
0000011100110000
1101001010110001
1010000000101101
1011110100111111
1101110100111011
1011001101010111
1000110011001101
1011011010110001
1110001111001001
1100011010111000
1010110000100111
1110000010100110
0001011010000011
0000000000000000
1110100101111100
0001111101011001
0101001111011000
0011100101000111
0001110000110110
0100100101001110
0111001100110010
0100110010101000
0010001011000100
0100001011000000
0101111111010010
0010110101001110
1111100011001111
0001000000000110
0010011010001010
1110111111111001
1011101000011100
1101001010110001
1110110101000010
1011110100111111
1001000000100111
1011001101010111
1101100111100001
1011011010110001
1001011010110101
1100011010111000
1111100100111011
1110000010100110
1100100101101111
1111111111111111
0011011010010000
0001111101011001
0000011011000100
0011100101000111
0110100101001010
0100100101001110
0010011000011110
0100110010101000
0110111111011000
0100001011000000
0001001010111101
0010110101001110
0100010111100011
0001000000000110
1101100101110101
1110111111111001
0000011100110000
1101001010110001
1010000000101101
1011110100111111
1101110100111011
1011001101010111
1000110011001101
1011011010110001
1110001111001001
1100011010111000
1010110000100111
1110000010100110
0001011010000011
0000000000000000
1110100101111100
0001111101011001
0101001111011000
0011100101000111
0001110000110110
0100100101001110
0111001100110010
0100110010101000
0010001011000100
0100001011000000
0101111111010010
0010110101001110
1111100011001111
0001000000000110
0010011010001010
1110111111111001
1011101000011100
1101001010110001
1110110101000010
1011110100111111
1001000000100111
1011001101010111
1101100111100001
1011011010110001
1001011010110101
1100011010111000
1111100100111011
1110000010100110
1100100101101111
1111111111111111
0011011010010000
0001111101011001
0000011011000100
0011100101000111
0110100101001010
0100100101001110
0010011000011110
0100110010101000
0110111111011000
0100001011000000
0001001010111101
0010110101001110
0100010111100011
0001000000000110
1101100101110101
1110111111111001
0000011100110000
1101001010110001
1010000000101101
1011110100111111
1101110100111011
1011001101010111
1000110011001101
1011011010110001
1110001111001001
1100011010111000
1010110000100111
1110000010100110
0001011010000011
1111111111111111
1110100101111100
0001111101011001
0101001111011000
0011100101000111
0001110000110110
0100100101001110
0111001100110010
0100110010101000
0010001011000100
0100001011000000
0101111111010010
0010110101001110
1111100011001111
0001000000000110
0010011010001010
1110111111111001
1011101000011100
1101001010110001
1110110101000010
1011110100111111
1001000000100111
1011001101010111
1101100111100001
1011011010110001
1001011010110101
1100011010111000
1111100100111011
1110000010100110
1100100101101111
1111111111111111
0011011010010000
0001111101011001
0000011011000100
0011100101000111
0110100101001010
0100100101001110
0010011000011110
0100110010101000
0110111111011000
0100001011000000
0001001010111101
0010110101001110
0100010111100011
0001000000000110
1101100101110101
1110111111111001
0000011100110000
1101001010110001
1010000000101101
1011110100111111
1101110100111011
1011001101010111
1000110011001101
1011011010110001
1110001111001001
1100011010111000
1010110000100111
1110000010100110
0001011010000011
0000000000000000
1110100101111100
0001111101011001
0101001111011000
0011100101000111
0001110000110110
0100100101001110
0111001100110010
0100110010101000
0010001011000100
0100001011000000
0101111111010010
0010110101001110
1111100011001111
0001000000000110
0010011010001010
1110111111111001
1011101000011100
1101001010110001
1110110101000010
1011110100111111
1001000000100111
1011001101010111
1101100111100001
1011011010110001
1001011010110101
1100011010111000
1111100100111011
1110000010100110
1100100101101111
1111111111111111
0011011010010000
0001111101011001
0000011011000100
0011100101000111
0110100101001010
0100100101001110
0010011000011110
0100110010101000
0110111111011000
0100001011000000
0001001010111101
0010110101001110
0100010111100011
0001000000000110
1101100101110101
1110111111111001
0000011100110000
1101001010110001
1010000000101101
1011110100111111
1101110100111011
1011001101010111
1000110011001101
1011011010110001
1110001111001001
1100011010111000
1010110000100111
1110000010100110
0001011010000011
1111111111111111
1110100101111100
0001111101011001
0101001111011000
0011100101000111
0001110000110110
0100100101001110
0111001100110010
0100110010101000
0010001011000100
0100001011000000
0101111111010010
0010110101001110
1111100011001111
0001000000000110
0010011010001010
1110111111111001
1011101000011100
1101001010110001
1110110101000010
1011110100111111
1001000000100111
1011001101010111
1101100111100001
1011011010110001
1001011010110101
1100011010111000
1111100100111011
1110000010100110
1100100101101111
1111111111111111
0011011010010000
0001111101011001
0000011011000100
0011100101000111
0110100101001010
0100100101001110
0010011000011110
0100110010101000
0110111111011000
0100001011000000
0001001010111101
0010110101001110
0100010111100011
0001000000000110
1101100101110101
1110111111111001
0000011100110000
1101001010110001
1010000000101101
1011110100111111
1101110100111011
1011001101010111
1000110011001101
1011011010110001
1110001111001001
1100011010111000
1010110000100111
1110000010100110
0001011010000011
0000000000000000
1110100101111100
0001111101011001
0101001111011000
0011100101000111
0001110000110110
0100100101001110
0111001100110010
0100110010101000
0010001011000100
0100001011000000
0101111111010010
0010110101001110
1111100011001111
0001000000000110
0010011010001010
1110111111111001
1011101000011100
1101001010110001
1110110101000010
1011110100111111
1001000000100111
1011001101010111
1101100111100001
1011011010110001
1001011010110101
1100011010111000
1111100100111011
1110000010100110
1100100101101111
1111111111111111
0011011010010000
0001111101011001
0000011011000100
0011100101000111
0110100101001010
0100100101001110
0010011000011110
0100110010101000
0110111111011000
0100001011000000
0001001010111101
0010110101001110
0100010111100011
0001000000000110
1101100101110101
1110111111111001
0000011100110000
1101001010110001
1010000000101101
1011110100111111
1101110100111011
1011001101010111
1000110011001101
1011011010110001
1110001111001001
1100011010111000
1010110000100111
1110000010100110
0001011010000011
0000000000000000
1110100101111100
0001111101011001
0101001111011000
0011100101000111
0001110000110110
0100100101001110
0111001100110010
0100110010101000
0010001011000100
0100001011000000
0101111111010010
0010110101001110
1111100011001111
0001000000000110
0010011010001010
1110111111111001
1011101000011100
1101001010110001
1110110101000010
1011110100111111
1001000000100111
1011001101010111
1101100111100001
1011011010110001
1001011010110101
1100011010111000
1111100100111011
1110000010100110
1100100101101111
1111111111111111
0011011010010000
0001111101011001
0000011011000100
0011100101000111
0110100101001010
0100100101001110
0010011000011110
0100110010101000
0110111111011000
0100001011000000
0001001010111101
0010110101001110
0100010111100011
0001000000000110
1101100101110101
1110111111111001
0000011100110000
1101001010110001
1010000000101101
1011110100111111
1101110100111011
1011001101010111
1000110011001101
1011011010110001
1110001111001001
1100011010111000
1010110000100111
1110000010100110
0001011010000011
0000000000000000
1110100101111100
0001111101011001
0101001111011000
0011100101000111
0001110000110110
0100100101001110
0111001100110010
0100110010101000
0010001011000100
0100001011000000
0101111111010010
0010110101001110
1111100011001111
0001000000000110
0010011010001010
1110111111111001
1011101000011100
1101001010110001
1110110101000010
1011110100111111
1001000000100111
1011001101010111
1101100111100001
1011011010110001
1001011010110101
1100011010111000
1111100100111011
1110000010100110
1100100101101111
1111111111111111
0011011010010000
0001111101011001
0000011011000100
0011100101000111
0110100101001010
0100100101001110
0010011000011110
0100110010101000
0110111111011000
0100001011000000
0001001010111101
0010110101001110
0100010111100011
0001000000000110
1101100101110101
1110111111111001
0000011100110000
1101001010110001
1010000000101101
1011110100111111
1101110100111011
1011001101010111
1000110011001101
1011011010110001
1110001111001001
1100011010111000
1010110000100111
1110000010100110
0001011010000011
1111111111111111
1110100101111100
0001111101011001
0101001111011000
0011100101000111
0001110000110110
0100100101001110
0111001100110010
0100110010101000
0010001011000100
0100001011000000
0101111111010010
0010110101001110
1111100011001111
0001000000000110
0010011010001010
1110111111111001
1011101000011100
1101001010110001
1110110101000010
1011110100111111
1001000000100111
1011001101010111
1101100111100001
1011011010110001
1001011010110101
1100011010111000
1111100100111011
1110000010100110
1100100101101111
1111111111111111
0011011010010000
0001111101011001
0000011011000100
0011100101000111
0110100101001010
0100100101001110
0010011000011110
0100110010101000
0110111111011000
0100001011000000
0001001010111101
0010110101001110
0100010111100011
0001000000000110
1101100101110101
1110111111111001
0000011100110000
1101001010110001
1010000000101101
1011110100111111
1101110100111011
1011001101010111
1000110011001101
1011011010110001
1110001111001001
1100011010111000
1010110000100111
1110000010100110
0001011010000011
0000000000000000
1110100101111100
0001111101011001
0101001111011000
0011100101000111
0001110000110110
0100100101001110
0111001100110010
0100110010101000
0010001011000100
0100001011000000
0101111111010010
0010110101001110
1111100011001111
0001000000000110
0010011010001010
1110111111111001
1011101000011100
1101001010110001
1110110101000010
1011110100111111
1001000000100111
1011001101010111
1101100111100001
1011011010110001
1001011010110101
1100011010111000
1111100100111011
1110000010100110
1100100101101111
1111111111111111
0011011010010000
0001111101011001
0000011011000100
0011100101000111
0110100101001010
0100100101001110
0010011000011110
0100110010101000
0110111111011000
0100001011000000
0001001010111101
0010110101001110
0100010111100011
0001000000000110
1101100101110101
1110111111111001
0000011100110000
1101001010110001
1010000000101101
1011110100111111
1101110100111011
1011001101010111
1000110011001101
1011011010110001
1110001111001001
1100011010111000
1010110000100111
1110000010100110
0001011010000011
0000000000000000
1110100101111100
0001111101011001
0101001111011000
0011100101000111
0001110000110110
0100100101001110
0111001100110010
0100110010101000
0010001011000100
0100001011000000
0101111111010010
0010110101001110
1111100011001111
0001000000000110
0010011010001010
1110111111111001
1011101000011100
1101001010110001
1110110101000010
1011110100111111
1001000000100111
1011001101010111
1101100111100001
1011011010110001
1001011010110101
1100011010111000
1111100100111011
1110000010100110
1100100101101111
1111111111111111
0011011010010000
0001111101011001
0000011011000100
0011100101000111
0110100101001010
0100100101001110
0010011000011110
0100110010101000
0110111111011000
0100001011000000
0001001010111101
0010110101001110
0100010111100011
0001000000000110
1101100101110101
1110111111111001
0000011100110000
1101001010110001
1010000000101101
1011110100111111
1101110100111011
1011001101010111
1000110011001101
1011011010110001
1110001111001001
1100011010111000
1010110000100111
1110000010100110
0001011010000011
1111111111111111
1110100101111100
0001111101011001
0101001111011000
0011100101000111
0001110000110110
0100100101001110
0111001100110010
0100110010101000
0010001011000100
0100001011000000
0101111111010010
0010110101001110
1111100011001111
0001000000000110
0010011010001010
1110111111111001
1011101000011100
1101001010110001
1110110101000010
1011110100111111
1001000000100111
1011001101010111
1101100111100001
1011011010110001
1001011010110101
1100011010111000
1111100100111011
1110000010100110
1100100101101111
1111111111111111
0011011010010000
0001111101011001
0000011011000100
0011100101000111
0110100101001010
0100100101001110
0010011000011110
0100110010101000
0110111111011000
0100001011000000
0001001010111101
0010110101001110
0100010111100011
0001000000000110
1101100101110101
1110111111111001
0000011100110000
1101001010110001
1010000000101101
1011110100111111
1101110100111011
1011001101010111
1000110011001101
1011011010110001
1110001111001001
1100011010111000
1010110000100111
1110000010100110
0001011010000011
0000000000000000
1110100101111100
0001111101011001
0101001111011000
0011100101000111
0001110000110110
0100100101001110
0111001100110010
0100110010101000
0010001011000100
0100001011000000
0101111111010010
0010110101001110
1111100011001111
0001000000000110
0010011010001010
1110111111111001
1011101000011100
1101001010110001
1110110101000010
1011110100111111
1001000000100111
1011001101010111
1101100111100001
1011011010110001
1001011010110101
1100011010111000
1111100100111011
1110000010100110
1100100101101111
1111111111111111
0011011010010000
0001111101011001
0000011011000100
0011100101000111
0110100101001010
0100100101001110
0010011000011110
0100110010101000
0110111111011000
0100001011000000
0001001010111101
0010110101001110
0100010111100011
0001000000000110
1101100101110101
1110111111111001
0000011100110000
1101001010110001
1010000000101101
1011110100111111
1101110100111011
1011001101010111
1000110011001101
1011011010110001
1110001111001001
1100011010111000
1010110000100111
1110000010100110
0001011010000011
0000000000000000
1110100101111100
0001111101011001
0101001111011000
0011100101000111
0001110000110110
0100100101001110
0111001100110010
0100110010101000
0010001011000100
0100001011000000
0101111111010010
0010110101001110
1111100011001111
0001000000000110
0010011010001010
1110111111111001
1011101000011100
1101001010110001
1110110101000010
1011110100111111
1001000000100111
1011001101010111
1101100111100001
1011011010110001
1001011010110101
1100011010111000
1111100100111011
1110000010100110
1100100101101111
1111111111111111
0011011010010000
0001111101011001
0000011011000100
0011100101000111
0110100101001010
0100100101001110
0010011000011110
0100110010101000
0110111111011000
0100001011000000
0001001010111101
0010110101001110
0100010111100011
0001000000000110
1101100101110101
1110111111111001
0000011100110000
1101001010110001
1010000000101101
1011110100111111
1101110100111011
1011001101010111
1000110011001101
1011011010110001
1110001111001001
1100011010111000
1010110000100111
1110000010100110
0001011010000011
1111111111111111
1110100101111100
0001111101011001
0101001111011000
0011100101000111
0001110000110110
0100100101001110
0111001100110010
0100110010101000
0010001011000100
0100001011000000
0101111111010010
0010110101001110
1111100011001111
0001000000000110
0010011010001010
1110111111111001
1011101000011100
1101001010110001
1110110101000010
1011110100111111
1001000000100111
1011001101010111
1101100111100001
1011011010110001
1001011010110101
1100011010111000
1111100100111011
1110000010100110
1100100101101111
1111111111111111
0011011010010000
0001111101011001
0000011011000100
0011100101000111
0110100101001010
0100100101001110
0010011000011110
0100110010101000
0110111111011000
0100001011000000
0001001010111101
0010110101001110
0100010111100011
0001000000000110
1101100101110101
1110111111111001
0000011100110000
1101001010110001
1010000000101101
1011110100111111
1101110100111011
1011001101010111
1000110011001101
1011011010110001
1110001111001001
1100011010111000
1010110000100111
1110000010100110
0001011010000011
1111111111111111
1110100101111100
0001111101011001
0101001111011000
0011100101000111
0001110000110110
0100100101001110
0111001100110010
0100110010101000
0010001011000100
0100001011000000
0101111111010010
0010110101001110
1111100011001111
0001000000000110
0010011010001010
1110111111111001
1011101000011100
1101001010110001
1110110101000010
1011110100111111
1001000000100111
1011001101010111
1101100111100001
1011011010110001
1001011010110101
1100011010111000
1111100100111011
1110000010100110
1100100101101111
1111111111111111
0011011010010000
0001111101011001
0000011011000100
0011100101000111
0110100101001010
0100100101001110
0010011000011110
0100110010101000
0110111111011000
0100001011000000
0001001010111101
0010110101001110
0100010111100011
0001000000000110
1101100101110101
1110111111111001
0000011100110000
1101001010110001
1010000000101101
1011110100111111
1101110100111011
1011001101010111
1000110011001101
1011011010110001
1110001111001001
1100011010111000
1010110000100111
1110000010100110
0001011010000011
0000000000000000
1110100101111100
0001111101011001
0101001111011000
0011100101000111
0001110000110110
0100100101001110
0111001100110010
0100110010101000
0010001011000100
0100001011000000
0101111111010010
0010110101001110
1111100011001111
0001000000000110
0010011010001010
1110111111111001
1011101000011100
1101001010110001
1110110101000010
1011110100111111
1001000000100111
1011001101010111
1101100111100001
1011011010110001
1001011010110101
1100011010111000
1111100100111011
1110000010100110
1100100101101111
1111111111111111
0011011010010000
0001111101011001
0000011011000100
0011100101000111
0110100101001010
0100100101001110
0010011000011110
0100110010101000
0110111111011000
0100001011000000
0001001010111101
0010110101001110
0100010111100011
0001000000000110
1101100101110101
1110111111111001
0000011100110000
1101001010110001
1010000000101101
1011110100111111
1101110100111011
1011001101010111
1000110011001101
1011011010110001
1110001111001001
1100011010111000
1010110000100111
1110000010100110
0001011010000011
1111111111111111
1110100101111100
0001111101011001
0101001111011000
0011100101000111
0001110000110110
0100100101001110
0111001100110010
0100110010101000
0010001011000100
0100001011000000
0101111111010010
0010110101001110
1111100011001111
0001000000000110
0010011010001010
1110111111111001
1011101000011100
1101001010110001
1110110101000010
1011110100111111
1001000000100111
1011001101010111
1101100111100001
1011011010110001
1001011010110101
1100011010111000
1111100100111011
1110000010100110
1100100101101111
1111111111111111
0011011010010000
0001111101011001
0000011011000100
0011100101000111
0110100101001010
0100100101001110
0010011000011110
0100110010101000
0110111111011000
0100001011000000
0001001010111101
0010110101001110
0100010111100011
0001000000000110
1101100101110101
1110111111111001
0000011100110000
1101001010110001
1010000000101101
1011110100111111
1101110100111011
1011001101010111
1000110011001101
1011011010110001
1110001111001001
1100011010111000
1010110000100111
1110000010100110
0001011010000011
0000000000000000
1110100101111100
0001111101011001
0101001111011000
0011100101000111
0001110000110110
0100100101001110
0111001100110010
0100110010101000
0010001011000100
0100001011000000
0101111111010010
0010110101001110
1111100011001111
0001000000000110
0010011010001010
1110111111111001
1011101000011100
1101001010110001
1110110101000010
1011110100111111
1001000000100111
1011001101010111
1101100111100001
1011011010110001
1001011010110101
1100011010111000
1111100100111011
1110000010100110
1100100101101111
1111111111111111
0011011010010000
0001111101011001
0000011011000100
0011100101000111
0110100101001010
0100100101001110
0010011000011110
0100110010101000
0110111111011000
0100001011000000
0001001010111101
0010110101001110
0100010111100011
0001000000000110
1101100101110101
1110111111111001
0000011100110000
1101001010110001
1010000000101101
1011110100111111
1101110100111011
1011001101010111
1000110011001101
1011011010110001
1110001111001001
1100011010111000
1010110000100111
1110000010100110
0001011010000011
0000000000000000
1110100101111100
0001111101011001
0101001111011000
0011100101000111
0001110000110110
0100100101001110
0111001100110010
0100110010101000
0010001011000100
0100001011000000
0101111111010010
0010110101001110
1111100011001111
0001000000000110
0010011010001010
1110111111111001
1011101000011100
1101001010110001
1110110101000010
1011110100111111
1001000000100111
1011001101010111
1101100111100001
1011011010110001
1001011010110101
1100011010111000
1111100100111011
1110000010100110
1100100101101111
1111111111111111
0011011010010000
0001111101011001
0000011011000100
0011100101000111
0110100101001010
0100100101001110
0010011000011110
0100110010101000
0110111111011000
0100001011000000
0001001010111101
0010110101001110
0100010111100011
0001000000000110
1101100101110101
1110111111111001
0000011100110000
1101001010110001
1010000000101101
1011110100111111
1101110100111011
1011001101010111
1000110011001101
1011011010110001
1110001111001001
1100011010111000
1010110000100111
1110000010100110
0001011010000011
0000000000000000
1110100101111100
0001111101011001
0101001111011000
0011100101000111
0001110000110110
0100100101001110
0111001100110010
0100110010101000
0010001011000100
0100001011000000
0101111111010010
0010110101001110
1111100011001111
0001000000000110
0010011010001010
1110111111111001
1011101000011100
1101001010110001
1110110101000010
1011110100111111
1001000000100111
1011001101010111
1101100111100001
1011011010110001
1001011010110101
1100011010111000
1111100100111011
1110000010100110
1100100101101111
1111111111111111
0011011010010000
0001111101011001
0000011011000100
0011100101000111
0110100101001010
0100100101001110
0010011000011110
0100110010101000
0110111111011000
0100001011000000
0001001010111101
0010110101001110
0100010111100011
0001000000000110
1101100101110101
1110111111111001
0000011100110000
1101001010110001
1010000000101101
1011110100111111
1101110100111011
1011001101010111
1000110011001101
1011011010110001
1110001111001001
1100011010111000
1010110000100111
1110000010100110
0001011010000011
1111111111111111
1110100101111100
0001111101011001
0101001111011000
0011100101000111
0001110000110110
0100100101001110
0111001100110010
0100110010101000
0010001011000100
0100001011000000
0101111111010010
0010110101001110
1111100011001111
0001000000000110
0010011010001010
1110111111111001
1011101000011100
1101001010110001
1110110101000010
1011110100111111
1001000000100111
1011001101010111
1101100111100001
1011011010110001
1001011010110101
1100011010111000
1111100100111011
1110000010100110
1100100101101111
0000000000000000
0011011010010000
0001111101011001
0000011011000100
0011100101000111
0110100101001010
0100100101001110
0010011000011110
0100110010101000
0110111111011000
0100001011000000
0001001010111101
0010110101001110
0100010111100011
0001000000000110
1101100101110101
1110111111111001
0000011100110000
1101001010110001
1010000000101101
1011110100111111
1101110100111011
1011001101010111
1000110011001101
1011011010110001
1110001111001001
1100011010111000
1010110000100111
1110000010100110
0001011010000011
0000000000000000
1110100101111100
0001111101011001
0101001111011000
0011100101000111
0001110000110110
0100100101001110
0111001100110010
0100110010101000
0010001011000100
0100001011000000
0101111111010010
0010110101001110
1111100011001111
0001000000000110
0010011010001010
1110111111111001
1011101000011100
1101001010110001
1110110101000010
1011110100111111
1001000000100111
1011001101010111
1101100111100001
1011011010110001
1001011010110101
1100011010111000
1111100100111011
1110000010100110
1100100101101111
1111111111111111
0011011010010000
0001111101011001
0000011011000100
0011100101000111
0110100101001010
0100100101001110
0010011000011110
0100110010101000
0110111111011000
0100001011000000
0001001010111101
0010110101001110
0100010111100011
0001000000000110
1101100101110101
1110111111111001
0000011100110000
1101001010110001
1010000000101101
1011110100111111
1101110100111011
1011001101010111
1000110011001101
1011011010110001
1110001111001001
1100011010111000
1010110000100111
1110000010100110
0001011010000011
0000000000000000
1110100101111100
0001111101011001
0101001111011000
0011100101000111
0001110000110110
0100100101001110
0111001100110010
0100110010101000
0010001011000100
0100001011000000
0101111111010010
0010110101001110
1111100011001111
0001000000000110
0010011010001010
1110111111111001
1011101000011100
1101001010110001
1110110101000010
1011110100111111
1001000000100111
1011001101010111
1101100111100001
1011011010110001
1001011010110101
1100011010111000
1111100100111011
1110000010100110
1100100101101111
1111111111111111
0011011010010000
0001111101011001
0000011011000100
0011100101000111
0110100101001010
0100100101001110
0010011000011110
0100110010101000
0110111111011000
0100001011000000
0001001010111101
0010110101001110
0100010111100011
0001000000000110
1101100101110101
1110111111111001
0000011100110000
1101001010110001
1010000000101101
1011110100111111
1101110100111011
1011001101010111
1000110011001101
1011011010110001
1110001111001001
1100011010111000
1010110000100111
1110000010100110
0001011010000011
1111111111111111
1110100101111100
0001111101011001
0101001111011000
0011100101000111
0001110000110110
0100100101001110
0111001100110010
0100110010101000
0010001011000100
0100001011000000
0101111111010010
0010110101001110
1111100011001111
0001000000000110
0010011010001010
1110111111111001
1011101000011100
1101001010110001
1110110101000010
1011110100111111
1001000000100111
1011001101010111
1101100111100001
1011011010110001
1001011010110101
1100011010111000
1111100100111011
1110000010100110
1100100101101111
1111111111111111
0011011010010000
0001111101011001
0000011011000100
0011100101000111
0110100101001010
0100100101001110
0010011000011110
0100110010101000
0110111111011000
0100001011000000
0001001010111101
0010110101001110
0100010111100011
0001000000000110
1101100101110101
1110111111111001
0000011100110000
1101001010110001
1010000000101101
1011110100111111
1101110100111011
1011001101010111
1000110011001101
1011011010110001
1110001111001001
1100011010111000
1010110000100111
1110000010100110
0001011010000011
0000000000000000
1110100101111100
0001111101011001
0101001111011000
0011100101000111
0001110000110110
0100100101001110
0111001100110010
0100110010101000
0010001011000100
0100001011000000
0101111111010010
0010110101001110
1111100011001111
0001000000000110
0010011010001010
1110111111111001
1011101000011100
1101001010110001
1110110101000010
1011110100111111
1001000000100111
1011001101010111
1101100111100001
1011011010110001
1001011010110101
1100011010111000
1111100100111011
1110000010100110
1100100101101111
1111111111111111
0011011010010000
0001111101011001
0000011011000100
0011100101000111
0110100101001010
0100100101001110
0010011000011110
0100110010101000
0110111111011000
0100001011000000
0001001010111101
0010110101001110
0100010111100011
0001000000000110
1101100101110101
1110111111111001
0000011100110000
1101001010110001
1010000000101101
1011110100111111
1101110100111011
1011001101010111
1000110011001101
1011011010110001
1110001111001001
1100011010111000
1010110000100111
1110000010100110
0001011010000011
0000000000000000
1110100101111100
0001111101011001
0101001111011000
0011100101000111
0001110000110110
0100100101001110
0111001100110010
0100110010101000
0010001011000100
0100001011000000
0101111111010010
0010110101001110
1111100011001111
0001000000000110
0010011010001010
1110111111111001
1011101000011100
1101001010110001
1110110101000010
1011110100111111
1001000000100111
1011001101010111
1101100111100001
1011011010110001
1001011010110101
1100011010111000
1111100100111011
1110000010100110
1100100101101111
1111111111111111
0011011010010000
0001111101011001
0000011011000100
0011100101000111
0110100101001010
0100100101001110
0010011000011110
0100110010101000
0110111111011000
0100001011000000
0001001010111101
0010110101001110
0100010111100011
0001000000000110
1101100101110101
1110111111111001
0000011100110000
1101001010110001
1010000000101101
1011110100111111
1101110100111011
1011001101010111
1000110011001101
1011011010110001
1110001111001001
1100011010111000
1010110000100111
1110000010100110
0001011010000011
1111111111111111
1110100101111100
0001111101011001
0101001111011000
0011100101000111
0001110000110110
0100100101001110
0111001100110010
0100110010101000
0010001011000100
0100001011000000
0101111111010010
0010110101001110
1111100011001111
0001000000000110
0010011010001010
1110111111111001
1011101000011100
1101001010110001
1110110101000010
1011110100111111
1001000000100111
1011001101010111
1101100111100001
1011011010110001
1001011010110101
1100011010111000
1111100100111011
1110000010100110
1100100101101111
1111111111111111
0011011010010000
0001111101011001
0000011011000100
0011100101000111
0110100101001010
0100100101001110
0010011000011110
0100110010101000
0110111111011000
0100001011000000
0001001010111101
0010110101001110
0100010111100011
0001000000000110
1101100101110101
1110111111111001
0000011100110000
1101001010110001
1010000000101101
1011110100111111
1101110100111011
1011001101010111
1000110011001101
1011011010110001
1110001111001001
1100011010111000
1010110000100111
1110000010100110
0001011010000011
0000000000000000
1110100101111100
0001111101011001
0101001111011000
0011100101000111
0001110000110110
0100100101001110
0111001100110010
0100110010101000
0010001011000100
0100001011000000
0101111111010010
0010110101001110
1111100011001111
0001000000000110
0010011010001010
1110111111111001
1011101000011100
1101001010110001
1110110101000010
1011110100111111
1001000000100111
1011001101010111
1101100111100001
1011011010110001
1001011010110101
1100011010111000
1111100100111011
1110000010100110
1100100101101111
1111111111111111
0011011010010000
0001111101011001
0000011011000100
0011100101000111
0110100101001010
0100100101001110
0010011000011110
