0000000000000000
0111101110100101
0011111111011011
1010010100111011
1001000101111011
0010001000011101
0111111111111100
0001111100101111
1000111111011101
1010011111011110
0100001110000010
0111101001000010
1111101000011011
1000001011000001
1100011100010010
0110000011000111
0110100100111101
1101001110011001
1000000010110000
1110110101010110
0111011000011011
0100110011100001
1010111110101100
1000101110110101
0001011101110011
0111111111000000
0010011010111001
1001001100000111
1010010010000000
0100000011001100
0111101010111010
1111101000101001
1000001001110100
1100100111010011
0110001110111100
0110010110011100
1100110001110001
1000000111111011
1111100000011100
0111101001010010
0100000101001100
1010010000111000
1001001111011000
0010100101110000
0111111101101001
0001000110001111
1000100010101110
1011011101111010
0101011000000110
0110111111110000
1101110100011010
1000000000100100
1110100011001110
0111010101011101
0100110000111011
1010110011111000
1000111001110001
0010000000100111
0111111111110001
0001100011011011
1000101100010101
1011001101010011
0101001100001100
0111000101000111
1101111010110110
1000000000011110
1110100101101011
0111011000001111
0100100111011110
1010100111101011
1001000011110000
0010011001000011
0111111110000001
0001000001010011
1000011101110010
1011110001011011
0101101111011100
0110101010000110
1101000100010001
1000000110110111
1111100111111001
0111101111000111
0011100110100001
1001110000101000
1001110011111100
0011101011110011
0111101101001110
1111011110101101
1000000101000101
1101010010011001
0110110100010110
0101011110100111
1011011001010111
1000101010100011
0001101010000000
0111111111111110
0001100010011011
1000100111001001
1011100001111001
0101100111101110
0110101011111111
1101000000011101
1000001000111001
1111111011000011
0111110101001111
0011000111011101
1001010111110110
1010010100111110
0100011100101100
0111011000000111
1110010111100001
1000000000000100
1110100110010100
0111011110000101
0100001101110100
1010000111001010
1001100101000111
0011011111100111
0111101110000011
1111010111011001
1000000010111000
1101101101010001
0111000111010111
0100111001001001
1010101010100111
1001001010111010
0010110111010101
0111110111001101
1111111101011000
1000000111110010
1101001110110011
0110111001010010
0101001101011111
1010111100010101
1001000000101010
0010100110111111
0111111001101011
0000001000111000
1000001001010101
1101001001100011
0110110111111100
0101001101010001
1010111001110100
1001000011101101
0010101111100110
0111110111101001
1111111001110101
1000000110001111
1101011101010000
0111000011101011
0100111000011101
1010100011011011
1001010100110111
0011010000101001
0111101111010001
1111010000010101
1000000001001111
1110001010111001
0111011001001011
0100001100100100
1001111100011000
1001111000010100
0100000111110010
0111011010110011
1110001101001010
1000000001010000
1111010011111001
0111110001000111
0011000101100011
1001001011100011
1010110100110011
0101001111100000
0110110001000110
1100110011011010
1000010001010000
0000111000010000
0111111111100101
0001011111110101
1000011100101110
1100010001101101
0110011101010111
0101100111000111
1011001011000101
1000111111010110
0010110011100010
0111110100001111
1111011011011110
1000000001010011
1110010011110011
0111100000001101
0011110011000100
1001100011101100
1010011010001010
0100111001001101
0110111100001111
1101000000101101
1000001111011100
0000111000010000
0111111111110100
0001010001101000
1000010110000001
1100101011100101
0110110001100101
0101000111000011
1010100100011010
1001011101111010
0011101110101010
0111100000000000
1110001101001010
1000000010011101
1111110000101011
0111111001101011
0010001111001111
1000101010010100
1011111011001001
0110010100101110
0101101001001100
1011000100010011
1001001001010101
0011010000101001
0111101001010111
1110100101100000
1000000000110111
1111100000010110
0111110111101001
0010010110101111
1000101011110000
1011111011101111
0110010111101111
0101100010100111
1010111001110100
1001010010101110
0011100100100001
0111100001000000
1110000111101011
1000000100000010
0000000111010101
0111111101100111
0001101000101110
1000011001001111
1100101101011101
0110111001010010
0100110001010110
1010000111111000
1001111110110010
0100100110110111
0110111111000101
1100110110010011
1000010111000110
0001100101000010
0111111101100110
0000000010100101
1000000010111000
1110010111001011
0111101000001110
0011001001101000
1000111111011101
1011011110100100
0110001000010010
0101101101001110
1010111101110001
1001010101010100
0011110001011100
0111011000000111
1101100110101110
1000001011011010
0000111101000010
0111111111110001
0000011111111100
1000000101111101
1110000101011000
0111100100010000
0011010000001001
1001000000001101
1011100001111001
0110001110011000
0101100010011100
1010101101111011
1001100100011010
0100001101000100
0111001000011000
1100111110010010
1000010111110110
0001110010010111
0111111010100111
1111011110101101
1000000000000100
1111010000101010
0111111000100100
0001111101100000
1000011010101100
1100111000100010
0111000111001100
0100001011101011
1001100000100011
1010110111001000
0101101111011100
0101111110000100
1011000111010101
1001010101011101
0011111100100101
0111001101110100
1101000011010011
1000011000010010
0001111010011111
0111111000001100
1111001000101011
1000000000011110
1111110100011110
0111111110000011
0001001100111000
1000001011101011
1101110100010010
0111100010111110
0011000111001000
1000110101010000
1100000001100110
0110101100011100
0100110000111011
1001110111000110
1010100001101111
0101100000111101
0110000110000101
1011001010100010
1001010111110001
0100000111001111
0111000100100101
1100101000111001
1000100100110010
0010100101110000
0111101100001110
1110001100000110
1000001000001010
0001000010001001
0111111110010011
1111101110111011
1000000000000100
1111100001001000
0111111101000110
0001001101001111
1000001001110100
1110000110010011
0111101011100100
0010100011111100
1000100010010010
1100110100001100
0111001100111110
0011110001000100
1001000110001100
1011101100010101
0110100100100101
0100110011100001
1001110010010010
1010101111010111
0101110101100000
0101101011000001
1010100011101001
1001111101010000
0101000010100001
0110010111110111
1011010111101010
1001010101011101
0100001110000010
0110111010110110
1100001100001000
1000110111000010
0011011010000010
0111010101000001
1100111111010010
1000100000110100
0010101000000100
0111100111100111
1101101111110000
1000010001100000
0001111001010101
0111110011111101
1110011100100010
1000000111110011
0001001110101100
0111111011010110
1111000100111010
1000000010011100
0000101000101101
0111111110111111
1111101000011011
1000000000010000
0000000111101110
0111111111111110
0000000110110100
1000000000001100
1111101011111101
0111111111010100
0000011111111100
1000000001011000
1111010101011101
0111111101110010
0000110011110010
1000000011000101
1111000100010000
0111111100000100
0001000010010111
1000000100101101
1110111000010011
0111111010101000
0001001011101101
1000000101111000
1110110001100100
0111111001110011
0001001111110110
1000000110010100
1110110000000000
0111111001110000
0001001110110100
1000000101111101
1110110011101000
0111111010100000
0001001000100110
1000000100110110
1110111100011101
0111111011111001
0000111101001011
1000000011010000
1111001010100000
0111111101100111
0000101100011111
1000000001100010
1111011101110101
0111111111001100
0000010110100001
1000000000010001
1111110110011011
0111111111111110
1111111011010010
1000000000001010
0000010100010011
0111111111001011
1111011010110100
1000000010000110
0000110111010100
0111111011110111
1110110101010100
1000000111000101
0001011111001110
0111110100111010
1110001011000111
1000010000010011
0010001011100101
0111101001000111
1101011100110000
1000011110111111
0010111011101110
0111010111001100
1100101011000100
1000110100011101
0011101110101010
0110111101110110
1011110111001101
1001010010000001
0100100011000101
0110011011110011
1011000010101100
1001111000110101
0101010111001110
0101101111111110
1010001111011101
1010101001110111
0110001000111101
0100111001100100
1001011111110111
1011100101101111
0110110101101101
0011111000001101
1000110110101010
1100101100100010
0111011010100100
0010101100000111
1000010110111100
1101111101101011
0111110100010101
0001010110010010
1000000011111110
1111010111101110
0111111111101101
1111111000101000
1000000000111111
0000111000010000
0111111001100010
1110010110000101
1000010001000001
0010011011110011
0111011111000011
1100110010101100
1000110110011011
0011111101101111
0110101110010110
1011010011100101
1001110010101000
0101011000100000
0101100110101011
1001111110110001
1011000101100100
0110100101101110
0100001000111001
1000111010110110
1100101101011101
0111011110101001
0010010111111001
1000001110100100
1110100110010100
0111111100101111
0000011000110000
1000000000000101
0000101001111000
0111111010011000
1110010010111010
1000010100010000
0010101111100110
0111010011110000
1100001111111100
1001001101101010
0100101101000001
0110000111101011
1010011011000000
1010101011110100
0110010110011101
0100011000100000
1001000000000001
1100101010011001
0111100000000111
0010001100101011
1000001010010111
1111000000110001
0111111111011101
1111101110111011
1000000011010001
0001100010001101
0111101100111010
1101001101111010
1000110000001101
0011111110011011
0110100101100011
1010111011000111
1010010001001011
0110000011000111
0100101100100110
1001001001000111
1100011111100101
0111011110000101
0010001100001101
1000001001000100
1111001101101000
0111111111111101
1111010101100110
1000000111110011
0010000111000010
0111011111001011
1100011111101100
1001001010111010
0100110010110100
0101111010101110
1010000100101101
1011001110010111
0110110110100010
0011011100000001
1000011110010001
1110000011010000
0111111010100001
0000010111010010
1000000000110011
0001010000011010
0111101110101111
1101001001111110
1000110110111001
0100010101000011
0110001111000110
1010010110111110
1010111101010111
0110101101101110
0011100110100001
1000100000100110
1110000001011100
0111111010111101
0000001111010100
1000000001101100
0001100001111011
0111101000011010
1100110000011100
1001000110011110
0100110011110000
0101110011001111
1001110111000010
1011100111011111
0111001010000010
0010101101100110
1000001101010001
1111001000000100
0111111111111101
1110111101110110
1000001111111011
0010111001101011
0111000011000010
1011011000011111
1010000101010101
0110000100101010
0100011010100000
1000110101001000
1101011000001011
0111110100111110
0000101001010110
1000000000100100
0001011001000010
0111101000100100
1100101001001010
1001001111000011
0101000111011000
0101011011010111
1001011101011011
1100010011000110
0111100001010101
0001101100101010
1000000001101000
0000011100100101
0111110110100110
1101011010111111
1000110110011011
0100100010010110
0101111001100110
1001110101010000
1011110100000100
0111010101011101
0010001000010011
1000000100001100
0000000111010101
0111111001101010
1101101000010110
1000110001110101
0100011100101100
0101111011110010
1001110101000010
1011110111011101
0111011000011011
0001111101100000
1000000010100001
0000011001101100
0111110101110001
1101010000000111
1000111111001001
0100110111010101
0101100010011100
1001011100110100
1100011101101100
0111101000100101
0001001011101101
1000000000000001
0001010011010110
0111100101111010
1100010100011101
1001100100001100
0101101101100001
0100100111111000
1000110100010101
1101101011000001
0111111011011001
1111110001100011
1000001001010100
0010110001100110
0110111100110000
1010111100111100
1010101101010111
0110110010101001
0011000010110001
1000001100101101
1111100011101101
0111111100101101
1101110001011001
1000110011011011
0100101010011110
0101100111000111
1001011011000111
1100101000111101
0111101110101101
0000101100011101
1000000001111101
0010000100101010
0111001111101111
1011011001001000
1010010111110101
0110100101101110
0011010011000001
1000001111011100
1111011101110101
0111111100101101
1101101011101111
1000111000101101
0100111000101010
0101010101111011
1001001011000001
1101001001100011
0111110111101110
1111111101010110
1000001001010100
0010111100100111
0110110000100111
1010100010010010
1011010010001000
0111001110110111
0001111111101100
1000000000111111
0001000001110110
0111100101111010
1100000100111001
1001111010001011
0110010000101010
0011101011100000
1000010100011011
1111010011000001
0111111101000000
1101100110011100
1000111111001001
0101001001101110
0100111110111101
1000111000010100
1101110101101011
0111111110100111
1110111110101010
1000011011100101
0100000011101110
0101111011110010
1001100010111100
1100101011100101
0111110011010100
0000001000111000
1000001001000111
0011000101010110
0110100101101000
1010001100101101
1011110100000100
0111100010011100
0001000011000001
1000000001101000
0010010010110000
0111000000101001
1010110000001110
1011001101010011
0111010001101101
0001101100101010
1000000000000001
0001101110010001
0111010000100111
1011001001111010
1010110101001100
0111000101001001
0010000110001001
1000000000100010
0001011001000010
0111011000011010
1011010111101010
1010101010000100
0110111111001101
0010001111111101
1000000000111101
0001010011100000
0111011001101011
1011011000011111
1010101011000000
0111000000111011
0010001010010100
1000000000100010
0001011101110011
0111010100101101
1011001100010101
1010111000001000
0111001010000010
0001110101000110
1000000000000001
0001110111101101
0111001000011000
1010110100000100
1011010010011100
0111011000110110
0001001111110110
1000000001101100
0010100000101000
0110110010010101
1010010001101001
1011111011101111
0111101010001111
0000011010001010
1000001001010100
0011010111000110
0110001111000110
1001101000011001
1100110110000110
0111111001011011
1111010100001010
1000011100000000
0100011000010100
0101011010100101
1000111101100001
1110000011010000
0111111111111110
1101111111011000
1000111111111001
0101011111011011
0100010000110100
1000011000010001
1111100011100101
0111110101111010
1100011111101100
1001111011011000
0110100100111000
0010101111000101
1000000010001010
0001010100110011
0111010010011011
1010111100010101
1011010011110100
0111011110000101
0000110101011111
1000000110010101
0011010000101000
0110001101001100
1001100000100011
1101001011110000
0111111101101100
1110101000110111
1000110000001101
0101001011100001
0100100000100110
1000011011101111
1111100000011100
0111110100111101
1100010100011101
1010001000111111
0110110100010110
0010001100101011
1000000000000001
0010000111011100
0110110110101010
1010001010111010
1100010011111111
0111110101011101
1111011010011011
1000011111001011
0100101101000001
0100111011011011
1000100101011011
1111001010011010
0111111000000111
1100011110010000
1010000101010101
0110110100011100
0010000111001010
1000000000000101
0010010111101001
0110101010101011
1001111000010011
1100110010010001
0111111011111000
1110101110000010
1000110010101110
0101011000010100
0100001000111001
1000010000011010
0000010010110111
0111100100101010
1011010110011111
1011000110110110
0111011110010001
0000100100010111
1000001100101111
0011111101101111
0101011111011010
1000110101010000
1110101100111010
0111111011010110
1100101001001010
1010000011001010
0110110111010101
0001111001001011
1000000000111111
0010110110000001
0110010010101100
1001011010000111
1101101001001110
0111111111111110
1101100011110110
1001011101111010
0110010111101111
0010101100000111
1000000000010101
0010001001101110
0110101011111111
1001110010000110
1101000110011101
0111111111000011
1110000000111100
1001001110111010
0110001000111101
0010111111001110
1000000001001111
0001111100010011
0110110001101110
1001110110110001
1101000010101100
0111111111000000
1101111110100001
1001010010000001
0110001110101100
0010110011101111
1000000000011001
0010001110100000
0110100101100011
1001100110111110
1101011101101000
0111111111111110
1101011100110000
1001101000001000
0110100111100011
0010001000111001
1000000000110011
0010111111010010
0110000100000010
1001000110101101
1110011000111100
0111111011110111
1100011101111011
1010010111000001
0111001100110011
0000111100100111
1000001011101101
0100001010100111
0101000101011110
1000011111110010
1111110110011011
0111100110011010
1011001000011110
1011100111101101
0111110001001001
1111001110010000
1000110000000010
0101100110110010
0011100000011010
1000000011010000
0001110100010111
0110101110100011
1001101010010000
1101100010110001
0111111111101101
1101000011011000
1010000000000101
0111000000111011
0001001110110100
1000001001100001
0100000111110010
0101000010001100
1000011011110101
0000001001101110
0111011101011000
1010101101111011
1100001011101010
0111111010101000
1110010101111111
1001001110111010
0110010110011101
0010010110011111
1000000000110111
0011001110000001
0101101111000101
1000110001001000
1111010101011101
0111101100100111
1011010000000001
1011101001101011
0111110100010101
1110110100100000
1001000001001111
0110001000011001
0010100111110100
1000000000010000
0011000101000100
0101110010111000
1000110001101010
1111011000100000
0111101010100100
1011000110110010
1011110111000110
0111111000001101
1110011100100010
1001001111111001
0110011100101011
0010000100010110
1000000011001010
0011101110010110
0101001110110010
1000011101000001
0000010010110111
0111010101000001
1010010100101011
1100110110010111
0111111111110010
1101001111111000
1010000010100001
0111001010100001
0000101001010110
1000010110111000
0101000010100001
0011111000101010
1000000011111110
0010000011001001
0110011001101101
1001001001101001
1110101111100111
0111110010101100
1011011000100111
1011101100010101
0111110111101001
1110010110010101
1001011000100101
0110101011001001
0001100010011011
1000001001111110
0100011100100101
0100011100011100
