0000000000000000
0110111011011011
0110111011010000
1111111111011010
1001000100000101
1001000101011011
0000000010010110
0110111100111111
0110111001010010
1111111010101100
1001000001010111
1001001000100111
0000001001011011
0111000000110100
0110110100110101
1111110001010001
1000111100011101
1001001110010111
0000010101001101
0111000110101110
0110101101101110
1111100011001000
1000110101100111
1001010110111011
0000100101101011
0111001110011010
0110100011101000
1111010000010101
1000101101001101
1001100010101001
0000111010110011
0111010111011011
0110010110001010
1110111000111011
1000100011101111
1001110001111110
0001010100011110
0111100001001101
0110000100110101
1110011101000010
1000011001110101
1010000101011011
0001110010100001
0111101011000001
0101101111001000
1101111100111000
1000010000010011
1010011101100011
0010010100101100
0111110100000001
0101010100011101
1101011000110011
1000001000000101
1010111010111010
0010111010100010
0111111011001101
0100110100010000
1100110001010100
1000000010001111
1011011110000100
0011100011011111
0111111111011001
0100001110000010
1100000111001000
1000000000000001
1100000111011110
0100001110101100
0111111111010101
0011100001010111
1011011011001010
1000000010101110
1100110111011101
0100111011000111
0111111001100111
0010101110000010
1010101110101000
1000001011110100
1101101110001000
0101100111011000
0111101100110011
0001110100000011
1010000011000011
1000011100101101
1110101011010101
0110010001110100
0111010111011110
0000110011110001
1001011010001111
1000110110110010
1111101110100001
0110111000011110
0110111000010100
1111101101111011
1000110110010010
1001011011010100
0000110110101100
0111011001000111
0110001110001011
1110100011110010
1000011001100100
1010001011010000
0010000010010111
0111110001010010
0101011000010011
1101010111001001
1000000110100111
1011000111001001
0011001111011001
0111111110011000
0100010110011000
1100001010011001
1000000000000001
1100001111000000
0100011011000110
0111111101110110
0011001000110010
1011000000100100
1000001000010010
1101100010000011
0101100010001010
0111101101010100
0001110000101011
1001111101001101
1000100001100101
1110111110101100
0110100000110011
0111001010110110
0000010000001010
1001000100010110
1001001101100010
0000100010010010
0111010010110100
0110010101001101
1110101010011011
1000011010010000
1010001100111010
0010001001000111
0111110011111010
0101001100001010
1101000011101100
1000000011001011
1011011111010111
0011101110011100
0111111111111110
0011110000110000
1011100001001101
1000000011000000
1101000011000101
0101001100100011
0111110011011111
0010000101100101
1010001001000100
1000011100110010
1110110100101001
0110011101000100
0111001011111110
0000001110111011
1001000001110110
1001010010010001
0000101110111000
0111011001010100
0110001000100001
1110010010110101
1000010010001011
1010100011011001
0010101010111001
0111111010111010
0100101010010010
1100011001000000
1000000000000011
1100001101110110
0100100000010011
0111111100011001
0010110100110111
1010101010010111
1000010000001000
1110001100101101
0110000101101111
0111011010000111
0000101110011111
1001010000100101
1001000100111001
0000011000010110
0111010001100001
0110010010111101
1110100000000111
1000010101000100
1010011101111011
0010100110101000
0111111010101100
0100101001000100
1100010100111110
1000000000000001
1100010111001100
0100101011011010
0111111010001011
0010100010011010
1010011001111000
1000010111000111
1110101000110000
0110011001011111
0111001011111110
0000001000111001
1000111100000100
1001011100010111
0001000110110100
0111100011111110
0101110000010111
1101101010000011
1000000111101010
1011001100111111
0011100010010111
0111111111111100
0011101100110001
1011010110000101
1000000101111100
1101100000110100
0101101010011001
0111100110001111
0001001100001000
1001011110010101
1000111011100000
0000001010001101
0111001101101111
0110010101001101
1110011110100100
1000010011001011
1010100110101110
0010110110111000
0111111101011011
0100010010000001
1011111000001010
1000000001100010
1100111110101101
0101010001100000
0111101111010001
0001101001010100
1001101110110010
1000110000010001
1111110011001110
0111000100011001
0110100000010000
1110101110101000
1000010111001011
1010011110000100
0010101101110110
0111111100101001
0100010110011000
1011111010101100
1000000001011110
1101000000000110
0101010100010011
0111101101101110
0001100001010011
1001101000011001
1000110101110001
0000000010000110
0111001100001001
0110010100101110
1110011001011011
1000010000101000
1010110001010011
0011001000000111
0111111111001101
0011111010011010
1011011101010100
1000000101100111
1101100101000111
0101110010001110
0111100000010110
0000110011110001
1001001101000011
1001001110011110
0000110110101100
0111100001100010
0101101111010001
1101100000000100
1000000100101011
1011100100000101
0100000011000110
0111111110011010
0010111010101110
1010100100100011
1000010110000100
1110110000001011
0110100100011010
0110111110000111
1111100000000000
1000100101111110
1010000011101010
0010001111011010
0111111000111111
0100100111001001
1100000111001000
1000000000111010
1100111101101111
0101010110110011
0111101011001101
0001010010011010
1001011100000010
1001000010011001
0000100010110111
0111011011110010
0101110111111010
1101101000100011
1000000101011010
1011100010110010
0100000100111010
0111111101111011
0010110001111010
1010011011000011
1000011011001100
1111000100011010
0110110001101100
0110101111110110
1111000000101101
1000011001110101
1010011110101011
0010110111100111
0111111110100010
0011111101001001
1011011001110111
1000000111011100
1101110111001100
0110000011110100
0111010011101110
0000001010111111
1000110101100101
1001101110100000
0001110100101000
0111110100110010
0100110101010000
1100010010000000
1000000000100010
1100111011101111
0101011000111110
0111101000111000
0001000101011001
1001010001110110
1001001110010111
0000111111001110
0111100111001001
0101011100100110
1100111111010100
1000000000101001
1100010001001001
0100110101111011
0111110100001010
0001101111011101
1001101001101000
1000111010100000
0000011000111100
0111011010100000
0101110101110001
1101011111010100
1000000011010100
1011110101111110
0100011101101101
0111111001011101
0010001001100100
1001111001101000
1000101111110110
0000000010010110
0111010010001010
0110000010111101
1101110000110001
1000000101100000
1011101000111101
0100010010000001
0111111011010010
0010010100001100
1001111111111011
1000101100011101
1111111011100111
0111001111111100
0110000101011110
1101110011000110
1000000101101001
1011101001010101
0100010011101000
0111111010110101
0010001111100110
1001111011110101
1000101111101000
0000000100101101
0111010100010011
0101111101100110
1101100110001111
1000000011101010
1011110111001010
0100100010011010
0111110111110000
0001111011101100
1001101101110100
1000111010000001
0000011101101001
0111011110010110
0101101010011111
1101001010100101
1000000000111010
1100010011001011
0100111101011011
0111110000010101
0001011000000001
1001010111011110
1001001101100010
0001000110001110
0111101011110000
0101001010010111
1100100001001010
1000000000010001
1100111110101101
0101100010101011
0111100001011011
0000100100000111
1000111011110100
1001101101001101
0001111101110010
0111111000101110
0100011010110001
1011101011111110
1000000110000001
1101111011001011
0110001110110000
0111000110101101
1111100000000000
1000011111011100
1010011100110010
0011000010100100
0111111111110101
0011011001000110
1010101110101000
1000010111110100
1111001001011011
0110111100011011
0110011011000001
1110001100111101
1000001000110010
1011100000001011
0100010000111110
0111111010001001
0010000011011111
1001101110110101
1000111100010000
0000101000110100
0111100100010101
0101011001001000
1100101110011101
1000000000000011
1100111010010110
0101100010110111
0111011111100111
0000011001111010
1000110100111001
1001111001111101
0010010110000000
0111111100111001
0011111100110111
1011001011000111
1000001110110110
1110101100000010
0110101110111001
0110101000000101
1110011111100110
1000001011110111
1011010110010110
0100001001110010
0111111010110111
0010000100110100
1001101101011111
1000111110111101
0000110010000000
0111101000010101
0101001100111010
1100011100100000
1000000000111000
1101010011011011
0101111000001011
0111010010101011
1111110100011010
1000100100001101
1010011000010010
0011000011010010
0111111111111101
0011001011011111
1010011110011001
1000100001010111
1111101101011110
0111010000010010
0101111011000110
1101010101111001
1000000000111010
1100011101111011
0101001111111110
0111100110001111
0000101000001110
1000111000110100
1001110111111110
0010011000011100
0111111101101111
0011110000110000
1010111011110100
1000010101011100
1111001010011110
0111000001011010
0110001111001010
1101110001010101
1000000011001101
1100001000000110
0100111110101010
0111101100001111
0000111010011110
1001000000011110
1001101111000010
0010001100111001
0111111100101101
0011110111101010
1011000000010011
1000010100011001
1111001000111010
0111000001101010
0110001101100001
1101101100110100
1000000010011111
1100001111111011
0101000111001101
0111101000011111
0000101011010111
1000111000010101
1001111011010111
0010100001011010
0111111110110101
0011100000111001
1010101011000110
1000011101100100
1111101000110000
0111010000111100
0101110101110001
1101001000101000
1000000000000111
1100110110001100
0101101000001010
0111011000100001
1111111010101100
1000100011011100
1010011111110100
0011010100100101
0111111111011110
0010101010010101
1001111111111011
1000110110011100
0000101010001011
0111101001000111
0101000010110110
1100000111101001
1000000011111111
1101111101111101
0110011011010000
0110110100000000
1110101000111000
1000001011001101
1011100011010001
0100100001100011
0111110011011111
0001010000100110
1001001000001001
1001101001110101
0010001011011101
0111111101010010
0011101100110001
1010110001011100
1000011100011000
1111101010000000
0111010011011101
0101101110001101
1100111001111111
1000000000001000
1101001101110101
0101111101000100
0111001001111000
1111010010101111
1000010100111001
1011000101100000
0100000100111010
0111111001011010
0001101100100101
1001010101110111
1001011100010000
0001110111111000
0111111011001101
0011111001101110
1010111010100111
1000011001011011
1111100011100001
0111010001111011
0101101110111001
1100111000010110
1000000000001111
1101010100101010
0110000011101100
0111000100000001
1111000011010011
1000010000000011
1011010110010110
0100011001000100
0111110100100000
0001001111110100
1001000100111110
1001110001000111
0010011100000000
0111111111000111
0011010011010101
1010011000100111
1000101010101100
0000010110110001
0111100101101011
0101000101001000
1100000011000001
1000000101110110
1110010011001010
0110101100011011
0110011110101111
1101111011011011
1000000010101100
1100011001101100
0101011001010111
0111011100000100
1111111001000111
1000011110111111
1010110001010011
0011110011100010
0111111011011011
0001110100000011
1001010110101101
1001011110111011
0010000010010111
0111111101001111
0011100101010011
1010100100100011
1000100101100110
0000001101000110
0111100011101010
0101000111010110
1100000010100100
1000000110011101
1110011010010101
0110110010001110
0110010110010010
1101101010100011
1000000000111110
1100101111101101
0101101101010110
0111001111101110
1111010110100110
1000010011010100
1011010001101011
0100011001111100
0111110010110010
0001000001010011
1000111010100110
1010000011011100
0010111101000010
0111111111110101
0010100110000100
1001110011010000
1001000111000001
0001011011011100
0111111000010010
0100000001001111
1010111001011001
1000011101001110
1111111001100001
0111011110010110
0101010000000101
1100001001000001
1000000101111100
1110011011000010
0110110100101110
0110010000110110
1101011110010001
1000000000001110
1101000011000101
0101111110011110
0111000010101000
1110110101100111
1000001010011111
1011110011111110
0100111110101010
0111100101010101
0000001011111110
1000100010110001
1010101111010100
0011111000010110
0111111001011100
0001011110110010
1001000110110100
1001110110000101
0010101110010110
0111111111111110
0010101100000000
1001110100010000
1001001000100111
0001100011001010
0111111010010011
0011110010001001
1010101000110000
1000100110110001
0000011000111100
0111101010000001
0100110000001110
1011100010001000
1000010000000000
1111010001011100
0111010000110111
0101100101101100
1100011110010101
1000000011011100
1110001110000010
0110110000100010
0110010010011011
1101011011100110
1000000000000011
1101001111101111
0110001010110010
0110110110100110
1110011000011010
1000000100101000
1100010111001100
0101100001001010
0111010010101001
1111010011100001
1000001111111001
1011100100101111
0100110101001001
0111100111001101
0000001011111110
1000100000101000
1010111000011111
0100001000000000
0111110101000011
0001000001000010
1000110101100101
1010010010010101
0011011010110100
0111111100111111
0001110010001101
1001001101101001
1001110001111110
0010101110100010
0111111111111010
0010011111001011
1001100111101110
1001010111000010
0010000011111000
0111111110101101
0011000111110100
1010000010111011
1001000001000001
0001011011011100
0111111010001110
0011101100001000
1010011110011001
1000101111011000
0000110101101010
0111110011010001
0100001100001100
1010111001011100
1000100001100101
0000010010110110
0111101010100100
0100101000001101
1011010011011110
1000010111000010
1111110011001110
0111100000110100
0101000000011010
1011101011111110
1000001111001110
1111010110111011
0111010110100111
0101010101000010
1100000010100100
1000001001101000
1110111101111110
0111001100011101
0101100110011001
1100010110111001
1000000101110010
1110101000011011
0111000010110100
0101110100101111
1100101000101111
1000000011010001
1110010110001110
0110111010000100
0110000000010101
1100110111111000
1000000001101110
1110000111010110
0110110010100010
0110001001011010
1101000100001011
1000000000110110
1101111011101111
0110101100011011
0110010000001001
1101001101100010
1000000000011001
1101110011010110
0110100111111110
0110010100101110
1101010011110111
1000000000001100
1101101110001000
0110100101010001
0110010111001111
1101010111001001
1000000000001000
1101101100000011
0110100100011010
0110010111110000
1101010111010100
1000000000001001
1101101101001000
0110100101011011
0110010110010010
1101010100011011
1000000000001111
1101110001010101
0110101000010001
0110010010110010
1101001110011100
1000000000011111
1101111000101101
0110101100110111
0110001101001100
1101000101011101
1000000001000010
1110000011010010
0110110011000101
0110000101010110
1100111001100000
1000000010000100
1110010001000111
0110111010101111
0101111011000110
1100101010101100
1000000011110111
1110100010001111
0111000011100100
0101101110001101
1100011001001011
1000000110101101
1110110110101101
0111001101010000
0101011110011101
1100000101001000
1000001011000000
1111001110100100
0111010111011011
0101001011100100
1011101110110011
1000010001001011
1111101001110011
0111100001101000
0100110101010000
1011010110100000
1000011001101100
0000001000011000
0111101011010100
0100011011010000
1010111100101000
1000100101000110
0000101010001011
0111110011111001
0011111101010100
1010100001101011
1000110011111010
0001001111000010
0111111010101100
0011011011001111
1010000110001110
1001000110101101
0001110110101011
0111111110111100
0010110100110111
1001101010111101
1001011110000100
0010100000101011
0111111111110110
0010001010001000
1001010000101011
1001111010011110
0011001100100000
0111111100100011
0001011011000111
1000111000010101
1010011100011010
0011111001100000
0111110100001010
0000101000000010
1000100010111100
1011000100010000
0100100110110001
0111100101110101
1111110001010001
1000010001101001
1011110010001111
0101010011010010
0111010000101100
1110110111011011
1000000101101001
1100100110011010
0101111101110100
0110110100000000
1101111011010111
1000000000001101
1101100000101000
0110100100111110
0110001111001010
1100111110001010
1000000010100101
1110100000011100
0111000111001101
0101100001101111
1100000001001100
1000001101111110
1111100101000110
0111100010110111
0100101011100100
1011000110000111
1000100011011110
0000101101100000
0111110110001011
0011101100110100
1010001110110100
1001000011111101
0001111000001100
0111111111011011
0010100110000100
1001011101011011
1001110000000000
0011000011010010
0111111100111101
0001011000010110
1000110100001100
1010100111110101
0100001100100010
0111101101010100
0000000101001011
1000010101100001
1011101011001001
0101010001010100
0111001111010111
1110101110101000
1000000011101011
1100111001000101
0110001110110000
0110100010011011
1101010111010100
1000000000110111
1110010000000101
0111000001110010
0101100110011001
1100000010011001
1000001110110110
1111101101111011
0111100111010100
0100011011111010
1010110011011000
1000101110111100
0001001111101000
0111111100010111
0011000100011100
1001101110001011
1001100001101110
0010110001011111
0111111110010101
0001100010011000
1000110110110000
1010100110110111
0100001111001100
0111101011001110
1111111001000111
1000010001000010
1011111101000000
0101100100000000
0111000001111000
1110001100111101
1000000000100000
1101100001100100
0110101010111000
0110000010010001
1100100011000011
1000000111111111
1111010000101110
0111011110111010
0100101101101100
1011000001001011
1000101001001111
0001000101011101
0111111011100011
0011000110111010
1001101101011111
1001100100101000
0010111001101000
0111111101001011
0001010010010101
1000101110000100
1010111000111001
0100100110010010
0111100001011011
1111010101111000
1000001000011111
1100100010110111
0110000100000010
0110100111101001
1101011000110011
1000000001001111
1110011101011010
0111001011100010
0101010001010001
1011100011011011
1000011011001100
0000100001100000
0111110110001011
0011100010000100
1001111110100010
1001010111000010
0010100110011100
0111111110101100
0001100000010001
1000110010101111
1010110010111001
0100100010011010
0111100001111101
1111010100010100
1000000111101010
1100101001111110
0110001011000111
0110011111100010
1101001000100100
1000000011000100
1110110100101001
0111010110101011
0100111010001111
1011001000100111
1000101000000000
0001001000100100
0111111100101101
0010111000010110
1001100000010001
1001110110000101
0011011001011001
0111110111010011
0000100011100001
1000011010100000
1011101000111101
0101011001101101
0111000100000111
1110001000010111
1000000000000101
1101111000001000
0110111100001101
0101100101001000
1011110101011110
1000010110010110
0000010111010111
0111110101010001
0011100001000101
1001111010001000
1001011110000100
0010110111010111
0111111100011110
0001000011011000
1000100100101011
1011010010101011
0101000111001101
0111001110000011
1110011011011111
1000000000101001
1101101010000111
0110110110000011
0101101011111101
1011111011100110
1000010101000000
0000010101001101
0111110101010101
0011011110100010
1001110110101110
1001100010100111
0011000000111011
0111111010110101
0000110100001110
1000011110010111
1011100011010001
0101011000010110
0111000010101000
1110000000011111
1000000000000010
1110001001101001
0111000111001101
0101010000100001
1011011001110111
1000100010110001
0001000010001001
0111111100110100
0010110000011100
1001010111001011
1010000101011011
0011110100111010
0111101110111000
1111110101110010
1000001100010000
1100011101101011
0110001000110001
0110011011110101
1100111001100000
1000000110100101
1111011000100011
0111100110111001
0100001100001100
1010010110111100
1001001010100001
0010011100001100
0111111110100101
0001010010011010
1000100111110110
1011010001011010
0101001011001101
0111001000101110
1110001001000100
1000000000000001
1110001001011101
0111001001000101
0101001010000111
1011001111100000
1000101001001111
0001010111010100
0111111111000010
0010010011111100
1001000100111110
1010100000100010
0100011001110010
0111100000101001
1111000010010001
1000000011000110
1101010101001110
0110101110111111
0101101111010001
1011111000001110
1000011000101110
0000101010011000
0111111010100010
0010111011010001
1001011010001111
1010000101111010
0011111010111011
0111101011011000
1111100010100111
1000000111010111
1100111010010110
0110011111110110
0110000000010101
1100001100011101
1000010010100011
0000010110110001
0111110111101001
0011001010000011
1001100010011010
1001111101101110
0011110001101111
0111101101101110
1111101001011010
1000001000001110
1100110111011101
0110011111000101
0101111111111111
1100001010011001
1000010011101100
0000011100110010
0111111000111111
0011000001000111
1001011011101110
1010000110100111
0011111111000001
0111101000111101
1111010110100110
1000000100111100
1101001100010111
0110101100110111
0101101110001010
1011110010001011
1000011100101110
0000111100010111
0111111101011011
0010011111111011
1001000111100111
1010100010000100
0100100001100110
0111011010100111
1110101010011011
1000000000100111
1101111010001110
0111000110000110
0101001000000111
1011000110000111
1000110001110111
0001110100110100
0111111111111010
0001100100111101
1000101010111100
1011010011111101
0101010101110111
0110111100110100
1101100110001111
1000000010001100
1111000010101010
0111100011111110
0100001001000100
1010001011011011
1001011010011101
0011000011110001
0111110111100100
0000001110111011
1000001110101000
1100100001011101
0110010100100110
0110000111000011
1100001110000001
1000010100011001
0000100110000000
0111111011010111
0010101100000000
1001001011101101
1010011111110100
0100100011000100
0111011000000101
1110011111001001
1000000000000101
1110001110101111
0111010001100001
0100101111110110
1010101010101101
1001000100101111
0010100000011111
0111111100101010
0000101110011111
1000010110001100
1100001010101011
0110000110010111
0110010011011001
1100011100101111
1000010000110010
0000011011011111
0111111010010011
0010110000010000
1001001100100000
1010100000111010
0100100110110001
0111010101001000
1110010100110100
1000000000000010
1110011110111101
0111011001010100
0100011101011000
1010011000000011
1001010011101111
0010111110001100
0111110111100100
0000001000111001
1000001011111010
1100110001110111
0110100010111010
0101110010111100
1011101110110011
1000100001110101
0001010101110101
0111111111110001
0001110010001101
1000101100110001
1011010111101000
0101011111110101
0110110001001101
1101001000011000
1000000111100011
1111110100001101
0111110011111010
0011001100111011
1001011011001000
1010010000110111
0100010111100101
0111011010100111
1110011110100100
1000000000000001
1110011101011010
0111011010010100
0100010111101100
1010010000010100
1001011100010000
0011010000000011
0111110010110010
1111101101001001
1000000110000010
1101010011011011
0110111000110010
0101010010111000
1011000110111001
1000110111010001
0010001101011110
0111111101110110
0000110001100111
1000010100101100
1100010110101110
0110010100001111
0101111111111111
1011111010101100
1000011110110101
0001010010101010
0111111111110101
0001101010110110
1000100111101001
1011100110101101
0101110000101000
0110100001000100
1100101000101111
1000001111110110
0000100001010011
0111111100010111
0010011000101000
1000111011010111
1011000010010000
0101010000111011
0110111000010100
1101001111000000
1000000111011101
1111111010001111
0111110110011110
0010111011010001
1001001101000011
1010101000000010
0100110111001111
0111000111110010
1101101100001111
1000000011010001
1111011101110001
0111110000100001
0011010011010101
1001011010101110
1010010110110011
0100100101000000
0111010001001000
1101111111101110
1000000001011110
1111001011111101
0111101100001100
0011100001010111
1001100011000010
1010001101100110
0100011011000110
0111010101100010
1110001001000100
1000000000111010
1111000100101111
0111101010011110
0011100101110001
1001100101010000
1010001011110101
0100011001111100
0111010101100111
1110001000000111
1000000001000010
1111001000000011
0111101011110000
0011100000101010
1001100001001100
1010010001011010
0100100001100110
0111010001011000
1101111100111000
1000000010000000
1111010101111100
0111101111110000
0011010001111001
1001010111001011
1010011110101011
0100110001101111
0111001000001110
1101100111100011
1000000100100110
1111101110011101
0111110101100011
0010111001000101
1001001000001001
1010110100011011
0101001001100111
0110111001000000
1101001000100100
1000001010001111
0000010001100111
0111111011100101
0010010101101000
1000110101100111
1011010011110010
0101100111111100
0110100010000101
1100100000101111
1000010101000000
0000111111001110
0111111111100101
0001100111000000
1000100001110100
1011111110000101
0110001010110010
0110000001011010
1011110001011101
1000100111011110
0001110110101011
0111111110100111
0000101100111011
1000001111101110
1100110100100100
0110101111011010
0101010100110011
1010111100111001
1001000100101001
0010110110101000
0111110101001001
1111100111101001
1000000011001001
1101111000001000
0111010010001010
0100011010001010
1010000110001110
1001101111101001
0011111100110000
0111011111001011
1110011000011010
1000000000100110
1111001000111010
0111101110010110
0011001111111111
1001010001110110
1010101011011001
0101000101010101
0110111000100101
1101000001110011
1000001101001001
0000100101101011
0111111110010111
0001110101110110
1000100101011101
1011111010000001
0110001011000111
0101111101100110
1011101000001100
1000101101111101
0010001011011101
0111111011111111
0000001101000001
1000000111111001
1101011100001010
0111000111001011
0100101011100100
1010010001111101
1001100111101001
0011110100111010
0111100000111001
1110011001001111
1000000000110000
1111010000001000
0111110001001011
0011000001110101
1001000111100111
1010111101010011
0101011010001001
0110100111101001
1100100001001010
1000010111100101
0001010001001011
0111111111111011
0001000010110010
1000010011010100
1100101111010010
0110110000101011
0101001100111010
1010101110101011
1001010010100110
0011010110101110
0111101010100111
1110110100110101
1000000000000001
1110111010000001
0111101100001100
0011010001000000
1001001110101110
1010110101000010
0101010100010011
0110101010011010
1100100011000011
1000010111110100
0001010100110010
0111111111110011
0000111001011011
1000010000000111
1100111101010000
0110111010000100
0100111100101101
1010011101001000
1001100001101110
0011110001001110
0111100000010110
1110010010000100
1000000001101000
1111100010111100
0111110110011110
0010100101011001
1000110110010010
1011011110111000
0101111011101101
0110000111011000
1011101101011110
1000101110111100
0010010110000000
0111111001001010
1111110000101111
1000000010110000
1110000111111011
0111011101011010
0011110110011101
1001100011101100
1010011100110010
0100111110110100
0110110110111110
1100110100010000
1000010011101100
0001001011001010
0111111111111010
0000111010000001
1000001111001000
1101000101001101
0111000000100100
0100101110100101
1010001101010111
1001110010000110
0100001100100010
0111010010101011
1101101010101111
1000000111001110
0000010100110000
0111111110000011
0001101100100101
1000011101011001
1100011001100001
0110101000100001
0101010001010001
1010101100001000
1001011001100100
0011101010010001
0111100000111001
1110001101011110
1000000010101000
1111110100001101
0111111010011101
0010001000110111
1000100111010000
1100000010110110
0110011010101000
0101100001101111
1010111011110100
1001001111001011
0011011010110100
0111100101111111
1110011010111110
1000000001100011
1111101001110011
0111111001000111
0010001111100110
1000101001010100
1011111111101110
0110011001011111
0101100001111000
1010111010101010
1001010000111001
0011011111010000
0111100011110111
1110010010110101
1000000010011011
1111110101100001
0111111011001000
0010000001000001
1000100010111100
1100001111111011
0110100101010011
0101010001101101
1010101000110000
1001011111000101
0011110111010001
0111011001101110
1101110101010011
1000000110100010
0000010111010111
0111111110110010
0001011100101010
1000010110001100
1100110100100100
0110111011111010
0100101111011000
1010001000001101
1001111100011001
0100100001000111
0111000100000111
1101000011100000
1000010010000000
0001001111000010
0111111111011110
0000100001110000
1000000111111011
1101101111100100
0111011000011100
0011110111101010
1001011101100010
1010101101010011
0101011000111110
0110011101011000
1100000000010010
1000101011100000
0010011011000000
0111110101110000
1111010000010101
1000000000000100
1111000010101010
0111110010111011
0010100111000100
1000110000011000
1011110111001010
0110010111111010
0101011110011101
1010110001011100
1001011011101010
0011110110111110
0111010111101011
1101101010110011
1000001001011100
0000101101100000
0111111111111011
0000111011100101
1000001100010000
1101011110010101
0111010010110100
0100000000100011
1001100001001100
1010101011100010
0101011010001001
0110011010000111
1011111000001010
1000110001000011
0010101011011001
0111110001000110
1110110111010111
1000000000011111
1111100011100001
0111111001111010
0001111111111100
1000011111001011
1100100001111111
0110110101100001
0100110011001010
1010000110000101
1010000011101010
0100110000011111
0110110110111110
1100100011110100
1000011110110101
0010000000010001
0111111001100111
1111011111110011
1000000000010001
1110111111011110
0111110011100100
0010011110011011
1000101010000111
1100001001101101
0110100111111110
0101000101001000
1010010100010011
1001110111100110
0100100011010101
0110111101111111
1100101110011101
1000011011101011
0001111001001110
0111111010011000
1111100010100111
1000000000010010
1111000001000110
0111110100011010
0010011000101000
1000100110111000
1100010011000000
0110101110111111
0100111001011010
1010001000011001
1010000100010111
0100110100111000
0110110001110001
1100010110111001
1000100101100110
0010010110101100
0111110100100000
1110111111101111
1000000000011010
1111101000011011
0111111011100011
0001101110001011
1000010111001011
1100111110111000
0111001000001010
0100001110000010
1001100101001101
1010101101000111
0101100010001010
0110001101111001
1011011111111001
1001000010011001
0011010110100011
0111100000111010
1101111000010101
1000001000111001
0000110101101010
0111111111110101
0000011101010000
1000000100110111
1110010001000111
0111101001010101
0010111101001010
1000110100110011
1011111001110110
0110100001101010
0101001000000111
1010010001111101
1001111110011101
0100110001101111
0110110001001101
1100010001100011
1000101001110110
0010100101111000
0111101111101011
1110100110000110
1000000010100101
0000001100010011
0111111111010011
0001000001000010
1000001010011111
1101110011100110
0111100000011111
0011010100000111
1000111111000011
1011101001010101
0110010111110010
0101010010101100
1010011001111000
1001111000111100
0100101101001010
0110110010110001
1100010001101110
1000101010110111
0010101010111001
0111101101100110
1110011011011111
1000000100000111
0000011100100110
0111111111111011
0000101011010111
1000000110001000
1110001110000010
0111101010000001
0010110101110101
1000101111000011
1100001010001110
0110101111010001
0100110000101001
1001111010001000
1010011010100010
0101010101101000
0110010011011001
1011100000011001
1001000110001110
0011100100111001
0111011000000101
1101011001010111
1000010010000000
0001100101111111
0111111011010010
1111011011111000
1000000000000001
1111100010001010
0111111100001001
0001011110110010
1000001111111001
1101100010010011
0111011100001100
0011011001100101
1000111111000011
1011101110011010
0110011110111101
0101000100111011
1010001001000100
1010001101000011
0101001001100111
0110011011000011
1011101000001100
1001000011001011
0011100010010111
0111010111111010
1101010101110101
1000010011111001
0001110000000010
0111111001010010
1111001011000111
1000000000100010
1111111001100001
0111111110101101
0001000001001111
1000001000101111
1110000101011000
0111101001010101
0010110001111010
1000101010101010
1100011001100001
0110111011101001
0100010111101100
1001100011001110
1010111010111010
0101111001001100
0101101110001010
1010101110011111
1001101101011010
0100100110010010
0110110010000010
1100000111110111
1000110011101011
0011000111101001
0111100001001111
1101101010100011
1000001111001110
0001100010001000
0111111010110111
1111010001101101
1000000000011010
1111111010011111
0111111111000010
0000111000101110
1000000110100111
1110010101001001
0111101110110101
0010011011011100
1000100000010101
1100110101111100
0111001100001001
0011110110010010
1001001011011001
1011100000001011
0110011001010111
0101000110010110
1010000101001010
1010010110011000
0101011001010111
0110001001011010
1011001010101000
1001011010011011
0100001111001100
0110111101111111
1100011000101101
1000101101011011
0010111110000000
0111100011010010
1101101100001111
1000001111110110
0001101000110111
0111111001001010
1111000010010001
1000000001100101
0000010010101010
0111111111111110
0000011000000001
1000000010000000
1110111101111110
0111111000100110
0001101011000011
1000010000000011
1101101101001000
0111100100001111
0010111001010000
1000101010010110
1100100001111111
0111000100011001
0100000000111101
1001001111010100
1011011110000100
0110011010101111
0101000000110100
1001111101001101
1010100010011111
0101101001000011
0101110111111010
1010110010001111
1001110000000000
0100110001000111
0110100101101011
1011101100101001
1001000111000001
0011110100101011
0111001001111000
1100101010101100
1000100111100110
0010110101011010
0111100100100011
1101101010110011
1000010001100110
0001110100110100
0111110101111111
1110101011100001
1000000100100110
0000110100010010
0111111110101100
1111101011100100
1000000000000010
1111110101000000
0111111111010011
0000101001110111
1000000011001101
1110110111111100
0111111000100011
0001100101011110
1000001101010011
1101111101111101
0111101011010100
0010011101101100
1000011101011101
1101000111101001
0111011000011100
0011010001111101
1000110010110100
1100010101100000
0111000000110100
0100000001111010
1001001100100000
1011100111110011
0110100101010011
0100101101010100
1001101001101000
1010111110101110
0110000110110000
0101010100000100
1010001001011010
1010011010010011
0101100101111011
0101110110001011
1010101011000110
1001111010011110
0101000011100100
0110010011110000
1011001101111111
1001011111000101
0100100000010011
0110101101000000
1011110001011101
1001000111111010
0011111100110000
0111000010001010
1100010100111110
1000110100101100
0011011001011001
0111010011100010
1100111000000011
1000100101000110
0010110110101100
0111100001011100
1101011010010011
1000011000110010
0010010101000000
0111101100001111
1101111011010111
1000001111011001
0001110100101000
0111110100010010
1110011010111110
1000001000100110
0001010101110101
0111111001111100
1110111000111011
1000000100000000
0000111000110010
0111111101100011
1111010101000001
1000000001010011
0000011101101001
0111111111011101
1111101111001011
1000000000001000
0000000100100001
0111111111111110
0000000111010001
1000000000001011
1111101101011110
0111111111011011
0000011101010000
1000000001001011
1111011000100011
0111111110000011
0000110001000110
1000000010110101
1111000101110010
0111111100001001
0001000010110010
1000000100111100
1110110101001010
0111111001111010
0001010010010101
1000000111010001
1110100110101011
0111110111100010
0001011111110000
1000001001101000
1110011010010101
0111110101001110
0001101011000011
1000001011110111
1110010000000101
0111110011000110
0001110100010000
1000001101110110
1110000111111011
0111110001010010
0001111011011000
1000001111011110
1110000001110100
0111101111111000
0010000000011101
1000010000101000
1101111101110001
0111101110111101
0010000011011111
1000010001010011
1101111011101111
0111101110100011
0010000100100000
