0111111111111111
1001000101100100
0011110010101010
0000110011001100
1010011111011011
0111111110110111
1010010101000100
1110100011001101
0111101011101010
1011011111001010
1010001100001101
0101011101100010
0110101101100101
1110001100010101
1000010101010000
1001011001010001
1110000101110101
0010101011011001
0101101010111011
0111001011010111
0111110001110010
0111111101011010
0111111111110000
0111111111111110
0111111111111111
0111111111111110
0111111111110000
0111111101011010
0111110001110010
0111001011010111
0101101010111011
0010101011011001
1110000101110101
1001011001010001
1000010101010000
1110001100010101
0110101101100101
0101011101100010
1010001100001101
1011011111001010
0111101011101010
1110100011001101
1010010101000100
0111111110110111
1010011111011011
0000110011001100
0011110010101010
1001000101100100
0111111111111111
1001000101100100
0011110010101010
0000110011001100
1010011111011011
0111111110110111
1010010101000100
1110100011001101
0111101011101010
1011011111001010
1010001100001101
0101011101100010
0110101101100101
1110001100010101
1000010101010000
1001011001010001
1110000101110101
0010101011011001
0101101010111011
0111001011010111
0111110001110010
0111111101011010
0111111111110000
0111111111111110
0111111111111111
0111111111111110
0111111111110000
0111111101011010
0111110001110010
0111001011010111
0101101010111011
0010101011011001
1110000101110101
1001011001010001
1000010101010000
1110001100010101
0110101101100101
0101011101100010
1010001100001101
1011011111001010
0111101011101010
1110100011001101
1010010101000100
0111111110110111
1010011111011011
0000110011001100
0011110010101010
1001000101100100
0111111111111111
1001000101100100
0011110010101010
0000110011001100
1010011111011011
0111111110110111
1010010101000100
1110100011001101
0111101011101010
1011011111001010
1010001100001101
0101011101100010
0110101101100101
1110001100010101
1000010101010000
1001011001010001
1110000101110101
0010101011011001
0101101010111011
0111001011010111
0111110001110010
0111111101011010
0111111111110000
0111111111111110
0111111111111111
0111111111111110
0111111111110000
0111111101011010
0111110001110010
0111001011010111
0101101010111011
0010101011011001
1110000101110101
1001011001010001
1000010101010000
1110001100010101
0110101101100101
0101011101100010
1010001100001101
1011011111001010
0111101011101010
1110100011001101
1010010101000100
0111111110110111
1010011111011011
0000110011001100
0011110010101010
1001000101100100
0111111111111111
1001000101100100
0011110010101010
0000110011001100
1010011111011011
0111111110110111
1010010101000100
1110100011001101
0111101011101010
1011011111001010
1010001100001101
0101011101100010
0110101101100101
1110001100010101
1000010101010000
1001011001010001
1110000101110101
0010101011011001
0101101010111011
0111001011010111
0111110001110010
0111111101011010
0111111111110000
0111111111111110
0111111111111111
0111111111111110
0111111111110000
0111111101011010
0111110001110010
0111001011010111
0101101010111011
0010101011011001
1110000101110101
1001011001010001
1000010101010000
1110001100010101
0110101101100101
0101011101100010
1010001100001101
1011011111001010
0111101011101010
1110100011001101
1010010101000100
0111111110110111
1010011111011011
0000110011001100
0011110010101010
1001000101100100
0111111111111111
1001000101100100
0011110010101010
0000110011001100
1010011111011011
0111111110110111
1010010101000100
1110100011001101
0111101011101010
1011011111001010
1010001100001101
0101011101100010
0110101101100101
1110001100010101
1000010101010000
1001011001010001
1110000101110101
0010101011011001
0101101010111011
0111001011010111
0111110001110010
0111111101011010
0111111111110000
0111111111111110
0111111111111111
0111111111111110
0111111111110000
0111111101011010
0111110001110010
0111001011010111
0101101010111011
0010101011011001
1110000101110101
1001011001010001
1000010101010000
1110001100010101
0110101101100101
0101011101100010
1010001100001101
1011011111001010
0111101011101010
1110100011001101
1010010101000100
0111111110110111
1010011111011011
0000110011001100
0011110010101010
1001000101100100
0111111111111111
1001000101100100
0011110010101010
0000110011001100
1010011111011011
0111111110110111
1010010101000100
1110100011001101
0111101011101010
1011011111001010
1010001100001101
0101011101100010
0110101101100101
1110001100010101
1000010101010000
1001011001010001
1110000101110101
0010101011011001
0101101010111011
0111001011010111
0111110001110010
0111111101011010
0111111111110000
0111111111111110
0111111111111111
0111111111111110
0111111111110000
0111111101011010
0111110001110010
0111001011010111
0101101010111011
0010101011011001
1110000101110101
1001011001010001
1000010101010000
1110001100010101
0110101101100101
0101011101100010
1010001100001101
1011011111001010
0111101011101010
1110100011001101
1010010101000100
0111111110110111
1010011111011011
0000110011001100
0011110010101010
1001000101100100
0111111111111111
1001000101100100
0011110010101010
0000110011001100
1010011111011011
0111111110110111
1010010101000100
1110100011001101
0111101011101010
1011011111001010
1010001100001101
0101011101100010
0110101101100101
1110001100010101
1000010101010000
1001011001010001
1110000101110101
0010101011011001
0101101010111011
0111001011010111
0111110001110010
0111111101011010
0111111111110000
0111111111111110
0111111111111111
0111111111111110
0111111111110000
0111111101011010
0111110001110010
0111001011010111
0101101010111011
0010101011011001
1110000101110101
1001011001010001
1000010101010000
1110001100010101
0110101101100101
0101011101100010
1010001100001101
1011011111001010
0111101011101010
1110100011001101
1010010101000100
0111111110110111
1010011111011011
0000110011001100
0011110010101010
1001000101100100
0111111111111111
1001000101100100
0011110010101010
0000110011001100
1010011111011011
0111111110110111
1010010101000100
1110100011001101
0111101011101010
1011011111001010
1010001100001101
0101011101100010
0110101101100101
1110001100010101
1000010101010000
1001011001010001
1110000101110101
0010101011011001
0101101010111011
0111001011010111
0111110001110010
0111111101011010
0111111111110000
0111111111111110
0111111111111111
0111111111111110
0111111111110000
0111111101011010
0111110001110010
0111001011010111
0101101010111011
0010101011011001
1110000101110101
1001011001010001
1000010101010000
1110001100010101
0110101101100101
0101011101100010
1010001100001101
1011011111001010
0111101011101010
1110100011001101
1010010101000100
0111111110110111
1010011111011011
0000110011001100
0011110010101010
1001000101100100
0111111111111111
1001000101100100
0011110010101010
0000110011001100
1010011111011011
0111111110110111
1010010101000100
1110100011001101
0111101011101010
1011011111001010
1010001100001101
0101011101100010
0110101101100101
1110001100010101
1000010101010000
1001011001010001
1110000101110101
0010101011011001
0101101010111011
0111001011010111
0111110001110010
0111111101011010
0111111111110000
0111111111111110
0111111111111111
0111111111111110
0111111111110000
0111111101011010
0111110001110010
0111001011010111
0101101010111011
0010101011011001
1110000101110101
1001011001010001
1000010101010000
1110001100010101
0110101101100101
0101011101100010
1010001100001101
1011011111001010
0111101011101010
1110100011001101
1010010101000100
0111111110110111
1010011111011011
0000110011001100
0011110010101010
1001000101100100
0111111111111111
1001000101100100
0011110010101010
0000110011001100
1010011111011011
0111111110110111
1010010101000100
1110100011001101
0111101011101010
1011011111001010
1010001100001101
0101011101100010
0110101101100101
1110001100010101
1000010101010000
1001011001010001
1110000101110101
0010101011011001
0101101010111011
0111001011010111
0111110001110010
0111111101011010
0111111111110000
0111111111111110
0111111111111111
0111111111111110
0111111111110000
0111111101011010
0111110001110010
0111001011010111
0101101010111011
0010101011011001
1110000101110101
1001011001010001
1000010101010000
1110001100010101
0110101101100101
0101011101100010
1010001100001101
1011011111001010
0111101011101010
1110100011001101
1010010101000100
0111111110110111
1010011111011011
0000110011001100
0011110010101010
1001000101100100
0111111111111111
1001000101100100
0011110010101010
0000110011001100
1010011111011011
0111111110110111
1010010101000100
1110100011001101
0111101011101010
1011011111001010
1010001100001101
0101011101100010
0110101101100101
1110001100010101
1000010101010000
1001011001010001
1110000101110101
0010101011011001
0101101010111011
0111001011010111
0111110001110010
0111111101011010
0111111111110000
0111111111111110
0111111111111111
0111111111111110
0111111111110000
0111111101011010
0111110001110010
0111001011010111
0101101010111011
0010101011011001
1110000101110101
1001011001010001
1000010101010000
1110001100010101
0110101101100101
0101011101100010
1010001100001101
1011011111001010
0111101011101010
1110100011001101
1010010101000100
0111111110110111
1010011111011011
0000110011001100
0011110010101010
1001000101100100
0111111111111111
1001000101100100
0011110010101010
0000110011001100
1010011111011011
0111111110110111
1010010101000100
1110100011001101
0111101011101010
1011011111001010
1010001100001101
0101011101100010
0110101101100101
1110001100010101
1000010101010000
1001011001010001
1110000101110101
0010101011011001
0101101010111011
0111001011010111
0111110001110010
0111111101011010
0111111111110000
0111111111111110
0111111111111111
0111111111111110
0111111111110000
0111111101011010
0111110001110010
0111001011010111
0101101010111011
0010101011011001
1110000101110101
1001011001010001
1000010101010000
1110001100010101
0110101101100101
0101011101100010
1010001100001101
1011011111001010
0111101011101010
1110100011001101
1010010101000100
0111111110110111
1010011111011011
0000110011001100
0011110010101010
1001000101100100
0111111111111111
1001000101100100
0011110010101010
0000110011001100
1010011111011011
0111111110110111
1010010101000100
1110100011001101
0111101011101010
1011011111001010
1010001100001101
0101011101100010
0110101101100101
1110001100010101
1000010101010000
1001011001010001
1110000101110101
0010101011011001
0101101010111011
0111001011010111
0111110001110010
0111111101011010
0111111111110000
0111111111111110
0111111111111111
0111111111111110
0111111111110000
0111111101011010
0111110001110010
0111001011010111
0101101010111011
0010101011011001
1110000101110101
1001011001010001
1000010101010000
1110001100010101
0110101101100101
0101011101100010
1010001100001101
1011011111001010
0111101011101010
1110100011001101
1010010101000100
0111111110110111
1010011111011011
0000110011001100
0011110010101010
1001000101100100
0111111111111111
1001000101100100
0011110010101010
0000110011001100
1010011111011011
0111111110110111
1010010101000100
1110100011001101
0111101011101010
1011011111001010
1010001100001101
0101011101100010
0110101101100101
1110001100010101
1000010101010000
1001011001010001
1110000101110101
0010101011011001
0101101010111011
0111001011010111
0111110001110010
0111111101011010
0111111111110000
0111111111111110
0111111111111111
0111111111111110
0111111111110000
0111111101011010
0111110001110010
0111001011010111
0101101010111011
0010101011011001
1110000101110101
1001011001010001
1000010101010000
1110001100010101
0110101101100101
0101011101100010
1010001100001101
1011011111001010
0111101011101010
1110100011001101
1010010101000100
0111111110110111
1010011111011011
0000110011001100
0011110010101010
1001000101100100
0111111111111111
1001000101100100
0011110010101010
0000110011001100
1010011111011011
0111111110110111
1010010101000100
1110100011001101
0111101011101010
1011011111001010
1010001100001101
0101011101100010
0110101101100101
1110001100010101
1000010101010000
1001011001010001
1110000101110101
0010101011011001
0101101010111011
0111001011010111
0111110001110010
0111111101011010
0111111111110000
0111111111111110
0111111111111111
0111111111111110
0111111111110000
0111111101011010
0111110001110010
0111001011010111
0101101010111011
0010101011011001
1110000101110101
1001011001010001
1000010101010000
1110001100010101
0110101101100101
0101011101100010
1010001100001101
1011011111001010
0111101011101010
1110100011001101
1010010101000100
0111111110110111
1010011111011011
0000110011001100
0011110010101010
1001000101100100
0111111111111111
1001000101100100
0011110010101010
0000110011001100
1010011111011011
0111111110110111
1010010101000100
1110100011001101
0111101011101010
1011011111001010
1010001100001101
0101011101100010
0110101101100101
1110001100010101
1000010101010000
1001011001010001
1110000101110101
0010101011011001
0101101010111011
0111001011010111
0111110001110010
0111111101011010
0111111111110000
0111111111111110
0111111111111111
0111111111111110
0111111111110000
0111111101011010
0111110001110010
0111001011010111
0101101010111011
0010101011011001
1110000101110101
1001011001010001
1000010101010000
1110001100010101
0110101101100101
0101011101100010
1010001100001101
1011011111001010
0111101011101010
1110100011001101
1010010101000100
0111111110110111
1010011111011011
0000110011001100
0011110010101010
1001000101100100
0111111111111111
1001000101100100
0011110010101010
0000110011001100
1010011111011011
0111111110110111
1010010101000100
1110100011001101
0111101011101010
1011011111001010
1010001100001101
0101011101100010
0110101101100101
1110001100010101
1000010101010000
1001011001010001
1110000101110101
0010101011011001
0101101010111011
0111001011010111
0111110001110010
0111111101011010
0111111111110000
0111111111111110
0111111111111111
0111111111111110
0111111111110000
0111111101011010
0111110001110010
0111001011010111
0101101010111011
0010101011011001
1110000101110101
1001011001010001
1000010101010000
1110001100010101
0110101101100101
0101011101100010
1010001100001101
1011011111001010
0111101011101010
1110100011001101
1010010101000100
0111111110110111
1010011111011011
0000110011001100
0011110010101010
1001000101100100
0111111111111111
1001000101100100
0011110010101010
0000110011001100
1010011111011011
0111111110110111
1010010101000100
1110100011001101
0111101011101010
1011011111001010
1010001100001101
0101011101100010
0110101101100101
1110001100010101
1000010101010000
1001011001010001
1110000101110101
0010101011011001
0101101010111011
0111001011010111
0111110001110010
0111111101011010
0111111111110000
0111111111111110
0111111111111111
0111111111111110
0111111111110000
0111111101011010
0111110001110010
0111001011010111
0101101010111011
0010101011011001
1110000101110101
1001011001010001
1000010101010000
1110001100010101
0110101101100101
0101011101100010
1010001100001101
1011011111001010
0111101011101010
1110100011001101
1010010101000100
0111111110110111
1010011111011011
0000110011001100
0011110010101010
1001000101100100
0111111111111111
1001000101100100
0011110010101010
0000110011001100
1010011111011011
0111111110110111
1010010101000100
1110100011001101
0111101011101010
1011011111001010
1010001100001101
0101011101100010
0110101101100101
1110001100010101
1000010101010000
1001011001010001
1110000101110101
0010101011011001
0101101010111011
0111001011010111
0111110001110010
0111111101011010
0111111111110000
0111111111111110
0111111111111111
0111111111111110
0111111111110000
0111111101011010
0111110001110010
0111001011010111
0101101010111011
0010101011011001
1110000101110101
1001011001010001
1000010101010000
1110001100010101
0110101101100101
0101011101100010
1010001100001101
1011011111001010
0111101011101010
1110100011001101
1010010101000100
0111111110110111
1010011111011011
0000110011001100
0011110010101010
1001000101100100
0111111111111111
1001000101100100
0011110010101010
0000110011001100
1010011111011011
0111111110110111
1010010101000100
1110100011001101
0111101011101010
1011011111001010
1010001100001101
0101011101100010
0110101101100101
1110001100010101
1000010101010000
1001011001010001
1110000101110101
0010101011011001
0101101010111011
0111001011010111
0111110001110010
0111111101011010
0111111111110000
0111111111111110
0111111111111111
0111111111111110
0111111111110000
0111111101011010
0111110001110010
0111001011010111
0101101010111011
0010101011011001
1110000101110101
1001011001010001
1000010101010000
1110001100010101
0110101101100101
0101011101100010
1010001100001101
1011011111001010
0111101011101010
1110100011001101
1010010101000100
0111111110110111
1010011111011011
0000110011001100
0011110010101010
1001000101100100
0111111111111111
1001000101100100
0011110010101010
0000110011001100
1010011111011011
0111111110110111
1010010101000100
1110100011001101
0111101011101010
1011011111001010
1010001100001101
0101011101100010
0110101101100101
1110001100010101
1000010101010000
1001011001010001
1110000101110101
0010101011011001
0101101010111011
0111001011010111
0111110001110010
0111111101011010
0111111111110000
0111111111111110
0111111111111111
0111111111111110
0111111111110000
0111111101011010
0111110001110010
0111001011010111
0101101010111011
0010101011011001
1110000101110101
1001011001010001
1000010101010000
1110001100010101
0110101101100101
0101011101100010
1010001100001101
1011011111001010
0111101011101010
1110100011001101
1010010101000100
0111111110110111
1010011111011011
0000110011001100
0011110010101010
1001000101100100
0111111111111111
1001000101100100
0011110010101010
0000110011001100
1010011111011011
0111111110110111
1010010101000100
1110100011001101
0111101011101010
1011011111001010
1010001100001101
0101011101100010
0110101101100101
1110001100010101
1000010101010000
1001011001010001
