0000010001001001
1101010001110111
0001001001011001
0000111000000010
1110000110101101
0001100001001111
1011000000101011
1100110011100010
0001111101010101
0001000010101110
1100100001110101
0001000011001010
0000101000111100
0000011110110001
0001010111011010
1110101000011101
1110110111111101
1111000010011010
0001010100110100
0010110000100110
1111110010011101
0010011110010100
0101000100100000
1101011000010010
1101100011001001
0001000011001110
0011001000010100
1111000000100101
0000010011100101
0001010001010110
0001001111010111
0001010110101100
1111010111000000
1101000000101100
1011110110011011
0011110111110011
0000011000011100
1101010011100001
1110001001001111
0000100011011111
0001010100111001
1011010010100110
0000001110010110
0000010101101111
1110101100111011
1110011111100001
0000100110010101
1110011011110010
0001000011001111
0011110001100100
1011110010000001
0000101001101001
0001010100100010
0011111101101111
0000001001110100
1100100010101101
0001001101011011
0010001010111010
0001001010000011
0010111110000110
0010011101111010
1100101100101101
0001100010110101
0000000101110111
1101011101010111
0010011101111111
0000101000000011
1111110100101111
1110011010000011
0000001101000010
0001001111110010
1101110011101011
1100110001000101
1111101101110110
1110101000111000
1101101100100010
0100010111010010
1111001001111111
1101000111001011
1101110111111110
0000001101011101
1111101010001101
0000000000100011
0010000001000000
1110110110101100
1111011010111111
0001101110110110
0010111010000010
1101001110110011
0000011100100001
0011010010010101
0001010000011100
1111111000010000
1111101111110000
0011110001000001
1110011001011001
1111111100101111
0001100000010100
0000000011010010
0001011011000000
0001101011100000
1101000111101110
1100001101011001
0011100011101001
1111100101010111
1111010010110101
1011101111100010
0000111100111011
0010110000001111
1101000110100111
1101100111100000
1110100101010111
1110000100000011
0000110010001111
0010100111010001
1100001000010101
0001111100000101
0001001001000001
1101011100001000
1110010100011111
0001010101110110
0100001111101000
0001001001011011
1101011010001100
0000100000110101
0011010011010101
1111111110111111
0010101100100000
1110100010001100
1110011100110100
0011110011111000
0010110101111110
1110111110010011
1110010001101100
0001011110000000
1110010100110110
1111010100111011
1111011010111010
0011111100110000
1101111000011010
1101100101111110
1111001110010100
1101000111101101
0000101001000010
1110110110100101
0001110000101101
1011100011011000
0000101001111000
0001000110011101
1111001101111010
1101101010011101
1111111110101110
0001001011111011
1101000101001100
0101000001000000
1111111011110000
0000011011011010
1111000111100000
1111111101010100
0100000110110000
1110101000110010
0001101100111110
0000111011011011
0001010011110111
1111100001111000
0010100101001000
1110010011111110
1111010101010111
0100101100000111
1100011110101100
0001000101100101
1111010110110100
0000100000101101
1110100001001111
1011110110001010
0000100010101110
0010010000001111
0000100110010100
1101000101001110
1110010101101111
1011111101001001
0001111100100010
0001101100010100
1011000010011011
0000110010101111
0001011001010001
0010010010111110
1110000100000010
1111000001100101
0001101010100100
1111011100011010
1111001101001010
0000010111000110
0100001011100001
0010001010110000
0010011011101010
1101011010010110
1101101001110001
0010101001100000
0011101111111011
0000010001000001
1100101110001011
0001100011110100
0010110100111001
1110011010011000
0000001000011011
1110111101110000
1111010111101011
1111101010100000
1101111011011111
1111110000100011
1111001111000100
0000000011111101
1110011001111100
1110011001111011
1110000111110101
0011011010001011
1111101011001100
1010101110111110
0001011111100110
1101100010110001
0010000111101010
0001000111101110
0000000100110100
0010000010010100
1111110100111000
0001000011101101
1111000101010101
0001100001001101
1101001110100001
0100011111010110
0000000000001010
0010111101111111
0100000111101000
1100001011110111
0000111111111100
1110001111011100
0001010010111111
1110100101000001
0001011100110100
1111111111111001
0000110110111011
1111100010101101
1101110100111101
0001001001101001
1100001100100000
1111101111010111
1100111001101101
1111000111001100
0010101011011001
0000111010000011
1110001110111001
1011000001110111
0001100110011110
0001111011111111
0000000000101110
1101011111110011
1111110100110011
0000111001111011
0001001111110000
0001010000100000
0000011011110011
0011010010000000
0000100111001001
1111000001100101
1111010101010111
1111101101110001
0100001100001100
0001011111111000
1100011011111110
0010001110110010
0011001110000101
0010010001111101
1101111100011001
1011011111101100
1101111010111100
0010011010100100
1111001011001111
1111100110000110
0001111010010110
1110010010111110
0001010010001010
1011101100001001
1100000010101010
0001001000101110
1111000110110011
1111001110010101
1111101010110011
0001010101100010
0001111100101110
0000110001110010
1011110000000101
1111001100001011
0001111000000010
1111111101010011
0010101110010000
1110110010101001
0010001101001101
0010011011000011
0001000011101010
0000011110110111
0000000001011000
0000001011110011
1111011111010111
0001000010110011
0000100001011100
0001101110000010
1111011011010011
1111111110010010
0000110000000101
1111110100000001
0000000010100011
1100011100101111
1110011000000011
1101101110101011
1111110101000100
0001110110110101
0000001110010100
0000101110001111
1110011101011000
1100010010011110
1100101100001001
0010101010100001
1110100001101011
0000000010100000
1111000011000100
0010011011011100
0101011010111110
1110100011101111
1110010011001000
1110101111001001
1111011111111110
0000100111000101
0011111100010010
1111110110000111
0100001101111100
0010110101100111
1101001010101001
1111100010011010
1111000001000110
0011001011011011
1111100110011111
1100010011011000
1111111110100001
0100111010110001
0000001100011110
1110000011101010
1110010000100000
1100100110011100
0010100001001100
1101010000010010
1101100000010111
1110010101010000
0001101010110111
0000111101110101
1110101010111010
1111000110010100
0001000011111100
0000100000111000
1011011000110100
1111001011010110
0000000011000110
0011100001000001
0001101001100111
0000110100011010
0000111001111011
0010001110010101
0001111010010010
1101001010011010
1100011110011011
0001110100111000
0100000000110000
0001011100100011
0011010000010001
0000010010100010
1111111001000110
1110001101000011
1101101011111111
0000000000100010
1110101101101011
1111111100110001
0000110111100000
0000011111101001
1110111011001011
0011011111011010
1011000011111010
1011011100010111
1111111011000001
1101100100101011
0001110010100011
1111100101000001
0010001100101111
1110101001001001
1110111000100111
1111100010100011
0011100101011010
1110010101011100
1100110111010001
0010010011111110
1101101001001111
0101001101100111
0011001001001110
0000010001101110
0000011001101101
0000111001110100
0001101010010011
1100111010000011
1111101010111101
0000101111110110
0011011101100010
1110001001101110
0001100011110000
0011111111011101
1110100101011011
1111010111111100
1001001000001111
1110010100100001
1111101000110010
0011011010101010
1111010100001101
1101001101110101
0011001011000110
0000010011000101
1101010010001100
1001101010001010
1111110111110011
1111100111110011
0001100100000100
0001011000111001
0000000101101100
0011100100100001
1110110100011111
0001000010110011
1011111110011100
1111101000001001
0101010110100100
1111100011100010
1101111001100101
0011001000110111
0101111101111010
1111110100000111
0000001000010111
1101000000010111
0000010001000110
0000110111001011
1111011010100010
0001010100001110
1110001000011000
0000001111100001
0100010001101010
1101011011110000
1110001001110000
0001001100111000
1011110111100010
1011000110100101
1110111001001011
0010101101001101
0001010101101011
0001010101110111
1110001010010010
0000000111101110
1100101010100101
1110110110011010
0001001001011100
1011101110101010
0010101001011110
0010010100100010
0011011101010101
0001101000011001
0010010011110100
1110011011100110
1010110101000000
0001110100101000
0001010011010110
0011101001000000
1110111011011100
0100111111011000
0000011111110011
1111101001001011
0000010000010100
1100101000000111
0000110010110100
1101000010000110
0010001110111111
1101101011011000
0001001111010110
0011000110100010
1111000010100100
1010101010101111
1110100011011110
0011000110000011
1010110111000011
1110110000010101
1101110110001101
0001010011110100
0011110011101110
1111100101000111
0000011100000010
1101000010001001
0000011110010100
0001011010000011
1101001111010111
1100111010001111
0110001010110011
0100001011111110
1110000011101100
0011110101011100
0001110011010111
0000001111011011
1100111111111011
1100000110100001
0001101100001101
0011001010010111
0100010100101110
0010000001100000
1100100010100101
1111100010010001
0010010010111010
1100111010000110
1010001010101000
0000110100100110
0000011000010101
0000011000011010
0000101100001110
0000111000110111
1111111110100000
1100001011110000
1101101000100010
1100101100000111
1111100011100000
0011001101011000
0000101000000100
1110010001001000
0000010001010000
0011011101100100
0000111001100011
1110001100001100
1111111001011010
1111110111100110
1110101101111111
0001011100110001
0101011010110110
1111100101101000
0010010111010010
0010000010101101
1110110001010010
0000001111000010
1110110001101000
1111000100100101
1110000111100000
0001000110010101
0011100100010111
0010000011101011
1101000110001001
0001010001100101
1111000110101100
1000000000000001
1111110001100110
1111101100110111
0000000010011010
0000110001010001
0000100111010000
0000111000101011
1111111010100110
1110011000011100
1011110100001101
1101001001011010
1110101001100010
0111110111011011
1111111101110111
1110001111110111
0011010000001100
0010010000111010
1111010100110100
1110000001111001
0000101011110100
1111111001110101
0010010010111110
0000000001110100
0010110111101100
0001011100110000
0011011000101101
1111100111100100
1010011111101100
1111110000000101
0010011000100110
0001000110000111
1011001101001111
1111010001100001
0010000101000111
0010001001100001
1111110011000011
1110000000010001
1100011010101011
1100100011011001
0001000001110011
1011100111000000
0001001100110100
0011101010101000
0001110010001100
1110011101110001
1101101010011001
0001001110000111
0000000001100111
1100101101010111
1110010110010111
0100000110000100
0001001100000010
0101101100001101
0010110001110110
1100110001001110
1111011111101001
0000110010001101
1110010100111010
0000100011011010
0001100000111010
0010111101001000
0001111100100001
1110011010010010
0010100011110101
1110110111010110
1011010110111110
1111001001101011
0000010100111100
1110001011110001
0000111010001101
0000110000001011
1110000111001110
0000101110011101
1110001001011010
1111101010111101
1101011010111001
1110001001010000
1111111001010011
1101010111011110
0010001000101100
0011001100011101
0010011101001000
1100100110111000
0000100001011001
0000111110000100
0000011011100000
1111000111110001
1110010100010101
0010100011111110
0010001010100001
0110011101100011
1111101000000111
1111000110010001
0000111111111010
1101010001100111
1110010000001101
1110010101011100
0100111000101010
0010101101011110
1111111100011101
1100111001010100
0000100111101111
0000011011111010
1100001110111100
1111011011001000
1000010011110011
0011100010111110
0011100111010011
1111100100110101
1110010010001011
1110011010100000
0000101010001011
1100111010110110
1110100011101001
1110010101100011
0101000110100111
1110001111101000
0000001101101011
0010100100000011
1111001000001001
0101000010111111
1110110011111001
1101101011010111
1111001000010111
0011010000101110
0001110111110010
1111111011110100
0000101000111110
0010001111000010
0011110110000010
1101001111100110
1111110001110010
1101111111111110
1110001011111001
1111111000001101
0000010111100100
0001001001101011
0001010100111010
1111100111100100
1110010100000101
1100111011010111
1110011101010100
1110001011100011
1101010010110100
0000101111100010
0000110011111000
0010101000000111
0000001011100001
1111111110001010
1100110011010001
1110100111111101
1110000110000000
0010001011000000
0011101110111100
1111011010011100
0011010110101001
1110000010110100
0010110101100101
0010101001011110
1110011010110101
1110001011100111
0000001001110011
0010111000111001
0000100011010100
0010111001111001
1101011111011110
0011111001111111
1101110101001101
1101000110101111
0001101111000010
1101011101000110
0001110101101100
1100011111011111
1101110110100100
1111101001000110
0100111111011000
1111001011001010
1100100100011010
1100111001011001
1101011100010001
0011010111011110
1011111111100010
1111111000000110
0010011000011101
0001110101001010
0001110010010101
1101111111000001
0000000010101010
1111010111011110
0000111000100001
1110010010001010
0001011000101000
0100001011111010
0011111011101001
0001100100001110
1100001000110001
0000111011011110
0000101010111111
0000111100110110
1101110001000100
1111100000111100
0011111010101011
0000111101001100
0000000000110101
1110000110010011
1101101001001001
1111010100001111
1111010111110100
1110001100100000
1111101111100110
0000000100001100
1110001110010101
0000011000001001
1110001010011001
0000110000100111
0001001100111100
1100000111100100
1110111001011011
0000001100101100
1111110111110001
0010110100111001
0000101100001110
1111010010000110
0010001101000111
0000010111110100
0000111101011101
0001010111111110
1110011101110011
1111000000011010
0010000101011010
0001010011010001
0110000100001001
1111111011000011
1101010100110100
0000010100100110
1110100001100010
1111001111010110
1111100101110110
0001011010011001
1111110100001010
0001000010011110
1101101110110111
1111110110110000
1110111000011101
1101111000000011
1110110000000101
1011010101000010
0001110100010001
0010111000101010
0001000001010101
1011111101100111
1110001111111000
0010000110010000
1111110100001011
1111011001000111
1110111110011110
0010001001000101
0000001110001101
0011000111011011
1110011000100011
0001000000101111
0010110111000100
0000110111000101
0000000011000110
1110000100011111
0010111101001101
0010000101011111
1110101000101010
1101100100001000
0100111001111101
0000100001010101
0000011010110111
1110001111100001
1011001100101000
0001010101101010
0000011101110111
1111001110100010
1110010001010000
1111110100100111
0000011111101000
0000100101010101
1011111011110110
1110011110100001
0000110101110011
1011110000101111
0001101101011000
0001001001001111
0001000111100010
0001111000100111
1110110100001001
1100111101011001
1111111011110000
0010101110000110
0010000010101001
0000111000001111
1110111101101100
0010111101010111
0000100010010111
0000010110111000
0010011011101001
1111101111100010
1101110011001101
0001011100000100
0010001111110010
0000011011111110
1110110010110000
0000000001010000
1111001001111100
1110001110100101
0001100011001100
1111111011010011
1101110000001111
1110100100010000
1111010000110010
1101101100111110
1111001100100011
0001011111101001
0001001111100011
1101001101001011
1100100100101001
0010111110111000
1111011110110101
1101111101000110
0001001000011011
1110110111010010
0011000111100001
0010111000000110
1111101101110011
1101100100101000
0001011000000101
0001100000100010
0001100110110110
1111011001001011
0000101010011101
0110000110000010
1100110100010010
0000000110111101
0000111000000100
1111000010000010
0001100000001000
1111000111011000
1110101110000100
1111100111001010
0100010010000001
1101000110110110
1100100101101100
1100101001001010
0001110110011110
0011010101100000
1010011010110110
0001100100101011
1101000001111011
1111110011000011
1111000100101101
0000110100101011
1111000001111101
1111100010010111
0011000100000100
1100110001110110
0001000011010000
0000100011011101
0100000101011111
1100100000000001
1111010011101000
0100010111100100
0001011011101100
0010011110011111
1110100000001100
0000111001001010
1101110110011111
0001101000001010
0011110010111011
1111110100101000
1110100001000001
0000110100000001
0000010011111000
1100001110000110
0010100011011100
1111001101110000
1110000001011100
1111100110111001
1111100010100110
1111111100011100
1101111000010100
1110000001110101
0001001010000010
1101001101011110
1110110000101010
0011011111101010
1110101101001000
1110100110101100
1111111001010100
1110101101010011
1111100010001100
0100111000111010
1110110101011111
0000010111101011
0000011001111000
0010100000101000
0010011101111111
1011011100110101
0001111101010100
0010000011000000
0001111010000001
0000111000011100
0001111111011110
1110001110110111
1111000011101010
0010011111010011
1100000111010000
0001000111111101
0000101010101101
0010101001101111
1011101010111000
1100100000111001
0011110111110011
1110101101001100
1110100100011101
1011011111100011
0001001000111011
1111001000101000
0001100101100100
0000000011011000
1100001110011010
1111000010100001
0001010011110011
0011000011101101
1011111011100001
0010110110010111
0001111100001111
1100111001110100
0000100111011010
0000110010000100
0100110000101000
0000101110110011
0000010101000110
1111100000101111
0000000101000000
0000110110100001
0010011011101011
1111110111000001
1011110010011101
0110000001001101
0000001001001011
1111001101111010
0000000010101000
1101100111100100
1101111110001010
1110100100001111
0000101100001010
0000011001011110
1111111111101101
1110010010000000
0000110010011000
1100010101111111
1101110110100111
0010000000110101
1101000011000110
1111101111110101
0010000010000101
0000000100101101
1111110010101011
0001001001011100
1111110101000011
1110100000001001
0000001000011000
0011101011001010
0001100110011110
1101111111100100
0001000011000010
0010011011100000
0001010111110110
0001000011000011
0001010101001100
1101101100001000
0000100010011111
0001010110111111
0001010100010001
1100001110101010
0000111001011100
0011010010110100
1101000000100111
1111101111111010
1111111010000111
0000001100010010
1011101100000110
1101010000000011
1110100011110011
0010110010001001
0001011110110011
0000000010000100
1110000100001001
1010010101000111
0011101101110001
1111111111010100
1100101100101000
0000100001100100
0010011110110101
0001100101010111
0001100011011101
0000110000010000
1111010111010000
0001101001011101
1101000100010110
0001110111101111
0000101001110001
0010111100110000
0100101100100111
1101110110000010
1101100001010111
0010001101001010
0001111111001000
1101010110111011
0000100011111100
1101101100011111
0000111001011110
0000001001110011
0000000101000010
1111100100100100
1101011000000100
0000011001110000
1111010100001101
1101010101100100
1101110101110010
0000110111101111
1110010101000110
1111001011111111
0010001001011010
0001000101111111
1111100011010010
1110010101000001
0000100100000011
1101100011100010
1111111101010001
0011011111000110
0001000000110110
0001001101101110
0001110101001001
0010011010110100
0000011010101011
1110110011010100
1110000000011011
0000010110010110
0000010110101110
0100011100010001
0011111100010010
1100100111011011
1111011101110001
0000110111010000
1101010010000110
1111001000110111
1110101010111000
1111101001000010
0000110001100100
1110101111000000
1111101010011110
0001000111000111
1110001010110010
1110010011111001
1101001001010001
1100000111111010
0100001001001001
0001110101101011
1101010100111100
1111101001011001
0000010000111101
0010010101011110
0010000110111110
1110000101000011
1111001100101101
1111111000010011
0001100000000000
0001000111000000
0001101111000101
0001111111001001
0100011010001000
1111000011111000
1100110010110100
0001101011100111
1111011001010001
0000110000001000
1101010111111111
0010000100101111
0010000001010101
0001100111111111
0000110010011110
1010110100000010
1101100001001111
1101100010000000
0001010110001000
1101100101010110
0000100100001001
0001001010100001
0000110000101110
0000000000010110
1011000100011110
0010000011110001
1010110110111001
0000110101101111
0000111100100111
0001000111011011
0010100111101111
0000111110111000
0000101000010110
1110001100100101
0010100010101000
1110000110101011
0011110111000010
1101110100001100
0000001011101101
0011101110111001
0000000000111100
0100011000101110
1111111011011111
1101111111101101
1110001011101101
0000111110110100
1111001100000000
0000000111011011
1110101100100100
1110011100111000
0011110011001011
1110111100011100
0000000001011010
1110000001011100
1100001001011000
1110000001001101
1101011001110100
1111011110000000
0011011111001111
0010100100011000
1111011100011011
1101100011101111
1110100001010011
0000010100110111
0000000001001011
1110010101110101
1110111110001001
0011110010011010
0011111000101100
0011111110011001
1101101011101001
1111111110000100
1111011100101110
1111111010011011
0000010100001000
1110111101001100
0101100001010010
0001000001111011
0000000100110001
1111001111011011
0000001000010111
0000000011101100
1110010010111101
1101011110111111
1101000110010100
0011011000100000
1110111100101001
0001001101000001
1101111001000010
1101010000000110
0011111010010010
1100010011001110
1101010100011101
1101001100111101
0000011111011110
0000001000001011
0010011001011111
0000111101000100
0001001101011001
0001101010011101
1011100101000100
0010001001101000
1101100010111001
0000100110010100
0011010010111110
0000001001000101
0011011011010000
0010101110011100
0011000001111110
1101100000100001
1110100011100011
1100001101000110
0000111001000100
0010101011010101
0001101001000100
0011111101101000
1100010001110000
0000101011100000
1110000111111111
1111010011000001
1100111011011010
1101100110100100
1111100010111100
1111101101110110
0010100101110001
1111100010100010
1111110110001011
1101110011111111
1111010100100000
1100010001001111
1111000000001110
0010100010000001
0000011111000000
0000100010100011
1111000110111000
0010001111101110
0011110101000010
0000001011110000
1110011001100111
1110101010111110
1110100010011100
0100000011000010
0010001110000100
1110101100111100
0011110100000110
0011010101000001
1111100100001010
1101101110111001
1110001010111001
1110011010011011
0001000100100011
1101000010111010
0010111101110111
0010010110111011
1111110110111100
0001000111010000
1010010011110111
1011100100100010
1111111101101101
0000111101111110
1011111001100110
0001001110110010
0001110111111110
0011011001010110
1111010011000000
1011101010001010
1111100010110001
1101010011111100
0000111000001101
0010000000111111
0001110001110111
0001001011010101
0011000101111111
0000011100111011
1110110011111000
0010000000100100
0000010000110110
1111110010010001
1101010101111110
0010100110101001
0010010110101110
0010001101010011
0010001001011001
1110010001101110
1110011010011101
1110100101101101
0000011100100111
1101111100000011
1110011010000100
1110100011000011
0001110010100111
1111111101000011
0001110000100011
0001000100011001
1001101001010011
1101000100001110
1111010101001111
1101110111000011
0000100010111110
0011001000011000
0010000011001000
0000110010111000
1110101100101101
1111010111100110
0000110000001000
1100011111101000
0000111100011010
0001100000011001
0000011010010101
0111010111001011
0011001001010110
1101000000011000
1110000111100001
0001110100010101
1111010100101000
1111011100001001
1110110101000011
0010110011100000
0010111111111010
1110111100111001
0001011100000001
1101010001110110
1101110100111110
0000010011111001
1101001011011001
1100101100011011
0001010011011000
0010110010010110
1101100011001001
1110001010000111
0000111100110101
0001111110000111
1101010111111011
1011111011111110
1110010011010001
1111010101010011
0100000000011010
0010100011111110
0000001001110100
0000010101001001
0001111111010111
0000110010100110
1101001011011101
1110011100100110
0011010101010000
1111011110011011
0001101110000000
0100101110010011
0010110101010010
0000001000011010
1111010010001000
1011100100010000
1100100100111010
0010110011001001
0000111111001100
0010111111010110
1100101110110100
0001110010011101
0001001111101101
1011001111011111
1111000010011100
1110010100101011
1100011100111101
1101101001100001
0101001001001001
1110111010110110
0000110110000011
1111100011000011
1110001001101111
0000011010111001
1011101010111011
0011110010100101
1110011001101011
0000000110110011
0001111001101010
0011001010000100
1111110011110000
0010001001010001
0100000011000001
1010110110111100
0000010110011111
1111010100001100
0011111101101000
1111001110101011
0000100000011011
0011100011101110
0000101000111100
0010000011111111
1101001101100100
1100010010110010
1100001100110011
0001111111111010
0001001000110101
1110001100001101
0001100011010101
0001111101001000
1111001101010100
1001111111010101
1111001010100101
1110101111111001
1101011110100110
0001001101010001
1111001001111001
0010001111000010
0100010010100001
0000001111101000
1100001011111001
1011101111111100
0001110001010111
0100010000111010
1111000100000101
1111101000110000
0100100000100111
0001011011100101
1111100000000001
0011110011011001
1101010011100110
0000010001101100
0000100111101010
1110000111011100
0000110001001100
0001011000001110
0100011001000110
1111000001100101
1100000111111100
1111101100100011
0010101100010001
1100001001110000
1100010111001111
0000110001000101
1100100000111010
0010100011110000
0001111101101010
0000000101010110
1110010011111010
1100101101001101
1111111110111011
1011101011111011
0000101001100000
0001010011111010
0011000001101000
1111011111110100
0010110100000001
0010100000000011
1100100000001100
0000011001001111
1110000010011001
0010001111111010
1111001101000111
0101000001111111
0011100110110011
1110110100011010
0010001100100010
1101011101010011
0000001101101010
1110110110111011
0001010001101010
1101001010001011
0000100011101101
0011011001001001
0000110100100110
1111000011000010
1001011101100101
0011011010011001
1101000100010110
1110000111110010
0000000010010111
1110000000100111
1111011001111111
0001100001000111
0000010011100000
1101111000011010
0010110111000101
1110100000000110
1110001110111001
1011100000100110
0001110001010110
0110110100110010
1111011000001011
1110110101011000
0011000010100110
0001011111110101
0000110101010111
0000100010101111
1100000101100110
1111111011000100
0011001001010010
0011000110110000
0001010000110111
0000100100101110
0010000011110110
1110011100001110
1010011100110101
1110001000000000
0011100001010110
1111010101011010
0000000100001010
1110101000110101
0000010110000010
0000001000110000
1111000110001010
1101000101011101
1010110110111000
0001001100011111
0001001101100010
0000010011010111
1110101001101011
0010010100111011
1111000111101011
1111101100000111
1111101100011000
1111111011001111
0001100101001000
1110001110010011
0010011001101011
0000111101111000
0001000110101011
0011100000000111
0000101110110110
1110011111000110
0001101101100110
0000111111101010
1101010000101100
0001101011001010
1111100001100000
0001000100110000
0001100100000001
0000011100110011
0010010101110011
1011110011001101
1011011000100110
1111110100100000
0000001110111000
1110101100100001
0010001000101000
1101111101111000
1111000011001000
0010000011111110
1101110111100101
1101010000000001
1101000000110110
0000011111110011
0001101100100110
1111100101101000
0001100111101111
0100000111111000
1111011111000111
1100001110000100
0000000011100011
0000111001000101
0100000101001001
0001000001000001
1110110001101011
0000010011011000
0010100111001100
0100011000011010
1101101010110111
1110110001001011
1111110100010100
0010000100000101
1110101000100111
1111010000111001
0000010000110110
0001001100001010
0000000001001101
1100011110100101
0000110101001100
1110110110010000
0000110001111100
1100110000101111
1010100111001000
0001101001001111
0011000000101111
1111110011000001
1110011011001000
1111011111010000
1111001000011100
0001001101100110
1101001011001001
1110110101111011
0010101000101011
0000110100101000
0011101110100111
0000101111000001
1111000101110010
0010000011110100
1111011101001110
1101011000010010
0010111111010101
0001111111101011
0001111100100101
0000100000101011
1111100001000111
0000110011000001
0000110011110110
1101110001000100
1111101110001000
1111001100001000
1110000001001000
0011010010000001
1110011100010100
0000000011101111
1101010001101001
1110011001110100
1110101010011000
0000011110101100
0000111000010010
1101010010100110
1110100010100000
1101101001000101
0011110000100001
1111011000010010
0000011101111010
1111110110011001
1111111100001010
0001001101100011
1100101011100111
0011111000100011
0000010001100101
0010100001011101
1111100011011110
0000001110101111
0011010000100010
0010001111110100
1111111011110010
1011000101101100
0001110011110001
0000001010111011
0101011111011111
1110111000011011
1101001011011101
0010011010100111
1101111110101001
1110111010011010
1101010100101100
1111010011101000
0001100010001000
0000011111110001
1100010100101010
1111000111100101
0010001001010101
1101011100110111
1111000000000110
1100000001010110
0001010100101001
0100100011001110
1101100001011010
1110110101110110
1111100100001001
0001100100100110
0010000010101001
0000001011101100
1110011011000010
0010000011100011
0010101100111011
1111111000101111
0000010011001011
1111110011001001
0010100101111000
0001011011001000
1110001110001001
0010100000000100
0001000100001111
1111011001111111
1101010100001111
1110111100011111
0001100101110011
0000101010101011
0001001101010000
1101011100001100
1101011011001001
1110110111011101
0000010011100000
1110101101101001
1110100010110101
0000011011100010
1101111011001100
0000111010111101
1111001001111001
0001000111100110
1111000111100111
1011001011110110
0011101001100101
0000010111000101
0010001011101100
0000011111101100
0000110111010011
1110100011110111
0001000000001010
0001010001110100
1111111110111010
0101011101010101
1101100001110010
0010100010001101
1101010100011111
0000111111011000
0100011000111110
1101011001101011
1110100101111000
1111111100010010
0011011010011010
1110001011100010
0000010110101110
1011000110000010
1111110100110101
0010000000010011
1101000001001010
0000101101000001
1100111110100100
0011000110010101
1101101111010100
1100010101111011
1110110000000000
0011001011101110
1111111101011000
1101010101110100
0001010101111011
0000000011110011
0011000000001001
1110100011011110
1111000110111101
1111000101101001
0100000100011100
0100010101111111
1101111110110010
1110000001010110
0010010001011111
0010110000000101
1111100000110111
1111110010110010
0001110100100011
0001110011100111
1101101001110100
1111100010111100
0000101010011101
1110111001000001
0000111101011001
1110111000110100
1100101010000100
0001101101001010
0010011111101011
1100011100111011
1100111101011011
1100100011110111
0001100100100111
0001010000101100
1110101000111111
0001111011000111
1110010101100100
1101011001100011
0000011001001110
0001001010001001
1110001001100100
0011100000111100
1111100011111000
1111101001000111
0011010011100101
0000110001000001
0001001010111111
1110010010011110
0000100110100111
0010001111101111
0000001101000110
0001000011100001
0011001100000001
1111001010010000
1101000111011010
0001111111101111
1111110111111010
0000100101111100
1111110001111100
1101100100011010
1110100101100101
1111110110110011
0010001101110000
1100100100001110
1101100001100111
0001010101001100
0001110011010011
1100000111111001
1101010110011010
0000010110111010
1111111011101101
1111101010010001
1111101111000111
0010111001001011
1111010010101110
0001010111110011
1111001111000011
1100000101110000
0010010101100011
0100111110100111
1111111110011001
1101100100100110
0011101101011101
0011010111001011
0010000011000011
1011011100101110
1110101011100111
0010101011100011
1111001011100100
0100000001111111
1111011101101100
1111000001101011
0000100011110100
0000010001011011
1010001110011000
0000101000011100
0010001011100111
1110010000011111
1110001011111011
1100000110011110
0011101111111100
0000000111010101
1110000111001111
1110001111001011
1101111000110011
1111010100000010
0010111011111010
1111101001010101
1100100101010000
0011000001100101
0000111010100111
0000001100010111
0000111111010101
0010011010011110
0000101000011110
1100110010000000
0000101110011100
0010011100001000
0001011110010011
0001111011110111
0010110001011111
1111001001001101
1111001011001101
0000011001011001
1111110000010101
1101000100000110
0000010110111010
0010000111010101
1111100101000110
1111110110110111
0010011110010001
1100110110100111
1001111111101010
0000110011000011
1110111011011100
0000111101110011
1101001000011110
0001001001100010
0001011111001111
1110110011011001
1111111010010000
1110001101111011
1101101101110100
1111111101101010
0100111010100001
1100010011110010
0010010001011101
0100010011011111
1110111001010000
0000001100010110
1110010101100100
0101000110001100
0000111011001010
1110001010010001
1110011000010010
0001110001110110
0010101110000001
0011000000101000
0000111111000011
1001101000100010
0011101110001100
1111111110000010
1101000000010010
1101110000011110
1111111111001010
0010001001010111
1101110011100010
0000010110100001
0000010000011001
0000000011011001
1100110000110010
1100011001101110
1100101001010011
1111110110100010
0110111001110110
1111110001100101
1101101111100001
1111010101001010
0010110100111010
1111001111111101
1011101110110111
0010101101011010
0000010111100011
0001111101110001
0010100010111001
0010101101000000
0000001000100101
0000100100101110
1111111111010111
1110000101001101
0000001000000111
0001011110111000
0011100101100101
1101101011001101
1110111110100110
0100011010011000
1101110011000100
1110010011010100
0000000010100011
1101000000011101
1110101000010010
1111100101010011
0000000101101000
1111100101001110
1111010110101000
1111011000111110
0001000111011011
1110001101111010
1110000110100010
1111110000011101
1010001011111101
0011000110000111
0100011011010010
1111101101000110
0001110100100100
0000000000100101
0001100001100001
1100111110010101
0000101000110001
1111011100101011
0011000000111111
0000110111101111
0010000001110100
0011011011100000
1111010001101101
0100111000111110
1010001011100101
1100010000000100
1111000011011100
0101011001000101
0001101001000111
1101000001100011
0001100101000001
1110100111100110
0000011111100010
1100010001100011
1111010000000000
1100011110011011
0000100111001100
0000100101101111
1100110110001111
0010011010001110
0000011110010101
0010110001101010
1001100111011010
1101100100100111
0011011100001100
0001001001011011
1101110110101011
1111110010110000
0010100000001010
0001100000001001
0101011110011011
1110000000011000
1111011110101000
1111111111111000
1111101111111100
0000111010001100
1110110110110001
0010100101111000
0101100000111101
1111100110001010
1110010111111010
0001011000100000
1101011100100110
1101010111001000
1110100011101001
1110001101001101
0010101011001001
0011000000001100
1111001110011110
1110011100001001
1100110011011111
1110010001101100
1111000001011101
1100010110001111
0000101001010000
0001000110101100
1111111110011001
0010011000001101
0001100101001001
1110101100000111
1100110011000011
1111101001110100
1111111010111101
0010001011000001
0001100101101100
0010001110000001
0000010000011001
0001001110111010
0010111111111000
1111001101001000
0000011101100001
1111100011000101
1111101001100010
1110100100001111
0000000010101010
0101010010011010
0010000110001100
1101100010110010
1101111010000000
0000000101011001
1110000111100010
1111101011001101
1100011001111100
1100110101000001
0011100101101111
0000111011001101
0001110010100001
