0001000010100001
0101011011101000
0010101111011100
1110001110111100
0000001111100110
0001100110100001
0001001011000000
1111110011110111
1111000010110101
0100100000100110
1111110011101110
1001110000001000
0000110101000001
1101110100000110
1100011011000001
1111011101011111
1011111111110110
0011011111000001
0001111000010111
1010111110011111
0100000100111010
0010101001100111
1101001100011100
0000111100111000
0001011111110010
0011001111110101
0011001101110101
1111100000011110
0010001111011011
0010110011100000
1011101001100010
1100001011111001
0000011001101110
1111010001000010
1111000001100000
1101100111001100
0000110010001000
0001001100110000
1001111000001101
1110110001001011
0001010101110110
1111010100100001
0010101101110010
1111010001010100
0100000110001110
0101110000101001
1011110010110010
0001110001111100
0100000111011010
1101010011001011
1111111110011100
0000001011100000
0000011101110000
0010001110010010
1100100001001011
1100110001111100
0001101111011110
1011101000000000
1010010010111111
0001100111011101
0000111010111001
0001000001000111
0000011011011111
1111111001110000
0100000010001011
1110001100011101
1110000100111111
0100010001111000
0010001001100101
0011000001010111
1111111001101011
0000100010010011
0100001100100111
1010110010000001
1100010111110011
0010001100110010
1100111111110101
1110001100101100
1111000001110111
1110101001000001
0010010011000101
1101101000011111
1011011100101011
0011011001011110
0000100101000100
1100011100100111
0100010000011101
0011111101010001
0010010110100011
0010100011001110
1101110111111011
0010101010010111
0000101001110001
1011000010110101
0010001011101000
0001111110001011
1111101100100111
1110001001001011
1100010010001000
0001000011010000
1100010010111011
1010100010101011
0010000101100001
0000110000100001
0000001101101010
0000111000001100
0000000000101001
0011111000110101
0001000110000001
1100011010001110
0011101100111100
0100010011111011
1101010110111010
0010011111111100
0010111100001101
1111011000010000
0000110000010101
1010010110100111
1101111111101001
0001111011111110
1001101000000111
1111011011011111
0011001100100011
1110110101100010
1111000100101100
1100111001011001
0000110000001011
0001101011000101
1101101001111110
0010111011111100
0100111111101110
0010010110101001
0000110100111100
1111011010110001
0010000101010011
0001001000011100
1011100101110011
1111110111101000
0011101100101111
1100101100000001
1110000111010111
0000011110010011
1101000010011010
0000000000001100
1011001000100101
1100100000011000
0101101100010110
1101101110100010
1111010110001000
0110010001110100
0000101010010110
0000110011100100
1111001011110111
1111101111011000
0100011111100000
1111110101100110
1111110110111100
0011111111110101
0000111101101101
1101000000000101
1100010010100001
1110100100110001
1111110010000010
1100010111110111
1101011011110011
0011010010011011
1111011110000001
1101001101101101
0000111001001101
1111001011000111
0010001111000101
1111110101001010
1101100111010010
0111111111111111
0010001101011010
1101110011101111
0101010010000110
1111111111100011
1110110001110111
1110101101001100
1100000011000001
0010101110100110
0000011101110101
1011101001011101
0000111000100100
0000011110011111
1011011100111110
1100010001001010
1111001111101011
0001100100110110
0001010111110000
1111010000000101
0011101011000011
0011111100100111
1110010010111011
0000100110010001
0001000001101001
0010010011110010
0001110001111101
1100100010000111
0100010100011001
0010100101010000
1010000111000000
0000010111101000
1110010000100001
1100100100110001
1110111111111111
1011000111110101
0001110011110111
0011110010001101
1100000011101111
0000001110100011
0011010110110011
1110000011000100
1110111011011110
0010000001001111
0011000101111110
0100110011100000
0000001100101001
0000000000110010
0011111101011001
1101010010000111
1100100000101111
1111111001111111
1111110101111111
0000111000100101
1011101010111010
1111010011111000
0010101010101011
1010011001000000
1110000010110111
0000010000010000
1110111110110010
0010100101011101
1110011101000001
0010010110110100
0111010000101010
1110011011001100
1110111000110000
0100001000011111
1111010111110010
1110101110110011
0001011000100011
0000011110110000
0011001000101100
1110110101111100
1010000101111011
0001001011011101
1101100111100000
1001111110010110
0000011011110001
0000100010010110
0001111100110101
1111001010001000
1101111101110000
0100010001001110
1111001111111100
1110011101100100
0010110101110010
0010000000111111
0100001001000010
1111111001101110
1111101000110110
0101010100101110
1110001001101011
1010111010011000
0000111001111101
1110110111000110
1101001101001110
1111101111010111
1110010000001010
0001011101010011
0000001111010110
1000110011101011
0000110011011000
0010100011011100
1100010010111001
0011001010011001
0011101101100010
0011000000110000
0010101110011111
1100111111011000
0010011000011110
0010010000111011
1101000110000101
0000111000001000
0001011111110001
0001011011010111
1110001010001001
1011100010110011
0000111111100100
1110100000101001
1010000011111011
1111010011000111
0001001100100100
1111100010001010
0001000110011010
1111110000110011
0010000111111110
0011111000000011
1011011001001100
0000011110110011
0110100011001101
1110011100011111
0010010011110000
0011011010000001
1111110000010110
0001101111101111
1010011100010101
1100110011101011
0010101100000101
1100001111100000
1101110111100100
0001010011010010
0000001000000001
1110011111101100
1100000001000111
1111111101111101
0010010011101001
1110100101110110
0000010110101011
0100011000011011
0010111101011110
0001101000111010
0000001001000010
0000101000100100
0011101111110010
1100100000100111
1100110001011000
0101010000000100
1110010011011111
1110001100100111
0000110001110111
1100001010000111
0000010110000100
1011011010101011
1010010011110101
0100111010000110
0000010100100111
1110010001110100
0011100011001001
0001110100010011
0000100010001010
1111000000011111
1111110010010001
0100010000000010
0010010110100000
1111000001001000
0010011111000111
0010011111000011
1110010011111010
1101001100011101
1101001111111001
0000110101111001
1101110010000001
1010011010010010
0011000000110000
0000100000011000
1101001111001001
0000111000110111
1101010001110111
0001111100110010
0000101111001001
1011110100101110
0110110000100011
0101000111110011
1110100000001101
0010111111001011
0001001110011011
1111001110110101
1111001001101101
1101000111011110
0001011011111110
0010111011011100
1100010001000011
1101110100111101
0001010001100101
1100011111010000
1100010100011100
1101111010010111
0000110100010000
0010011111000001
1101010011011101
0010010100110101
0100101001001001
1111001101011011
0001010111100110
1111010101100011
0010001001101101
0011101011001100
1100000001010011
0011010010010000
0101000101000010
1100000011000010
1110011111011011
1110011000111111
1100101110101000
1110111100011110
1100010011111011
1111010011101110
0100101011101110
1101101111100001
1100010001100110
0011000000110000
1111010011011111
1110101110101101
0001110000100001
0001111110000011
0101110101010111
0000100000001101
1110111100101110
0100011010101101
1111001101000111
1110001010000010
1110011001000000
1111010010111110
0010100110111101
1011100100001000
1110000101010000
0011011000101001
1100000110110100
1100011111011100
1110101110110110
1110011101010011
0010001010001001
1111111010010011
0000000101100100
0110111101110111
0001100001101100
1011111110000000
0011010011001110
0001100000001011
1111000000000011
0010100001000010
1111101111111010
0011010101111101
0000100111010101
1001010010101000
0000010100011001
1111001011110010
1011100001110010
1110011011010111
1110111101100111
0010101001110100
1110111011100011
1101000011011011
0011100100010010
0000100000001001
1110011011000001
0000111001010111
0001100011011111
0100011111000001
0010000111111011
1110111011110101
0100011010001111
0001110110011000
1001101010010101
1111010101101010
0000110101101110
1101010001111010
0001000011011100
1101011110001000
1111101111110010
0001111010101010
1000001010100010
1110011011111000
0011001111100011
1101111000000011
0001011011000100
0010000001100100
0011011100001101
0010111111100101
1101101000110111
0001101011100100
0011000110110010
1111001000000011
1111011010010101
0000110100110011
0010011000010100
0000001100010110
1011110100111100
1111000111010110
0000101111100011
1001101111011000
1100101011101010
0001110111101101
1111000101100001
0010000111110111
1111010101110011
1111001011101100
0101010001110110
1011111100010010
1110000111101001
0111000101011001
0000110001100100
0001111010100110
0010011101010101
0000010000101101
0010010000000111
1100010100100010
1100010101000011
0010000001100001
1110111110000110
1100100110011110
1111010001101000
0000101111101110
1111010101100011
1100011111101010
1101101100001000
0010011000101100
1111001011110111
1110000101000010
0100010000000110
0010111100110010
0011001011010101
0001000100010001
1101111011100000
0100111101101111
1110011111100011
1011010010001001
0101100000010011
0000100101101000
1110100110101011
1111111011110100
1011110010001111
1111111000001010
1101001001000110
1001110110101000
0010010000000101
0010100011010000
1101101010110000
0000100000001111
0010011001101011
0000111010000010
0000000011111000
1110111001001110
0011000110100001
0100000001111010
1110100110111000
0010000111101110
0011000010111100
0000001111111111
1110111010001111
1010110101101001
0000110110100100
1111101101011111
1001010100111011
0010010010001010
0001011010011101
1101100111110011
1111111001011001
1011111000010101
0000100111110101
0010001100111100
1100010111011110
0011100111011111
0110111101011010
1111101101001011
0000010100010000
0010010011000001
1111111100000000
0000100110100011
1110001000101110
1111011000011010
0100010001100100
1101010110011110
1100101010011101
0001001001111101
1101110001011001
1101100010000100
1011011111111000
1111010000100011
0011011011101101
1100110101100100
0001011100000111
0100011100110000
0000000001011110
0001011000000110
1110000000001111
0001000110111011
0101011000101101
1110001010000100
0001000011010110
0110000111010100
1110100100100000
1100011010000001
1110111111111100
1101000111000001
1111011100101111
1110001010110100
1100010010101100
0100000111111110
1111011111100111
1010011111010111
0001111011010000
0000000110101000
1111100111010010
0000010011000001
0000001111010100
0110010011100010
0001011101000110
1111011000011001
0011111001001001
0000011111011001
1111100011111101
1101010000100101
1110011010100001
0011110110100101
1101111111111000
1100101010010011
0010100001000100
1110001001011101
1010101100001000
1110000100000001
1110001001101000
0001011110100101
0010001111001100
1101011101011010
0100111001101110
0100000111010000
1011000101111011
0010010000101111
0010101101111010
0000001100000111
0010100111001000
1110110010100111
0011001110110100
0010001111111010
1010111000100111
1111000100101000
1111100001100110
1101010001001100
1100101110111010
1101011100010011
0010110001110110
0000011011111011
1100100111111010
0001010010010111
0001011011000000
1101110011011100
1111111011011110
0001011101100111
0011110110111110
0101001101100100
1110001101100011
0001110110011000
0100110011101110
1010001100000000
1110011110111111
0001111111001100
1110000001011011
0001101000111100
1100101111110110
1110001011101011
0010101010001011
1010000100000100
1100011100010001
0001111101011101
1111100101000111
1111101100100000
0000011010101000
0011011101000001
0011111001110001
1111000110100100
1111110111011110
0011000110001011
0000010110101001
1111001000010111
0001000101001001
0010001001011101
0011000100111101
1100100010001011
1100000000001111
0010010011110100
1010100101100111
1011011110000001
0010000011001101
1110101010001000
0010011101000010
1110110111011111
1100101011001000
0101000110001010
1110011010100000
1100111001000001
0101001101101011
0010111101000010
0001011001011111
0001100110110001
0001000010101100
0010101010111101
1111001001111111
1011101100010001
0000010111001000
0000110001001001
1100100111110100
1110110000000001
0000001101100111
0000101101000100
1101011101110110
1010011000101100
0001111000111010
1111111100010110
1101010010101110
0100001001111100
0010001001110111
0011111010100111
0001110010011010
1011111010110100
0100100111111101
0001100111000000
1011101110010000
0011101011011000
0010100001110010
1110111111101101
1111001110000011
1100100101010010
1110111101100011
1111011111000101
1010000100100011
1110100001000010
0011100000010000
1110000000000101
1111001000101011
0001111100000101
0001001110010100
0001010101010111
1101000010010111
0001101100001101
0101000100000100
1111011100100011
0010110000000011
0010011100001100
0001011010100011
0000100011010100
1001010111000011
1111111111111010
0010000010111011
1010100010000111
0000001110111001
0001101010000111
1101111000100111
1110110000100000
1100001011000100
1110101001011000
0011011011010101
1101111101001011
1111011000110001
0111001011110001
0001010110011111
1111010011101101
0010110100100101
0000010001101000
0010000100110110
1110011001011010
1101101110111011
0100110000110101
1111001111001110
1101100101000001
1111111010010000
1110001010101100
1110110010010011
1001110011110010
1101100101101111
0100000100110111
1110001010000111
1111111110100010
0011001011110010
0000010100010111
0000110100100101
1110100011110011
1111101000010111
0110000101111011
0001100000101100
1110000110010011
0101101001111000
0001010010010100
1011111011100010
1111111011111110
1101001011000100
1111110001111011
1111011001000101
1010001101100011
0010110011110110
0001001100100011
1011010011111110
1111111000100100
1111100010101111
0000011100001110
1110111010101110
1110111111001000
0110001011000011
0011001100110110
0000000001100101
0010010100101100
0000111110111010
0000010010101101
1110001010101111
1101110100010111
0011110011110010
0001101000011011
1011000001011011
0000100010101100
0000001101100110
1010000011001100
1110011010011110
1101100110001000
0000000111111000
0011101101110011
1011110010111010
0010010101000100
0101101101000100
1100101110100001
0000101110100110
0010001100001000
0001010101011010
0010010000110101
1110111000011000
0011000001101101
0011101111111011
1101011010110000
1101010101100101
1110111011011110
1110011000110001
1100111101000100
1100111000011100
0001100100101110
0010101001000001
1100000101010011
1110001010111011
0010001000010110
1101011101011000
0000010010100111
0001010011110111
0010000001011111
0111010000101111
1110010010011100
1111011000010100
0110011010101011
1100110101100111
1101111111011110
0001011101101000
1110111000110101
0001100000111111
1101010111000111
1101011101011001
0010011011100100
1101000001100101
1010100010010111
1111011011011110
0000100001101100
1111010011011011
0000000001100101
0010010010100100
0100110000101000
0000001111110010
1101100001000000
0010111101110010
0001000101001100
0000011000001100
0001111001110001
0000100001111011
0101000011001000
1101111000011100
1001101100101010
0010110101110100
1100110101001100
1011010011101100
0000110100110100
1110001111010100
0001110000110001
1111011000100010
1011110001101001
0011010001101001
0001010111101101
1100001010101110
0001110101010100
0100010010001111
0001100111111110
0010000100001111
0001010011101101
0010100111110100
0001100000000000
1010111111010101
1111001000000011
0001101010101001
1110001010000011
1111100100011001
1110010001100110
0001010000111100
1110101010100111
1000000101100010
0000111100010100
0000111111100101
1101100110011110
0010111111011111
0000111110011110
0011011000011000
0010110111011011
1100000111001000
0010101001101001
0100100000110011
1101000110110000
0000100001111010
0011111000001111
1111110110010011
1111110100101001
1101110101111100
1101011111111011
0001000011010110
1010011100110001
1011101101001101
0011010011001010
1111010010010000
1111100001010101
1111111110101011
0000100111111010
0010010000011110
1011110100010100
0000101010000000
0101100001010011
0001000000100001
0011000000011110
0001010001011000
0001011100001101
0010001010011111
1010100001000011
1110010001001100
0011101010000110
1100111001000110
1101001111111110
0001101000001000
1110010110110101
1110100000010001
1101101000000101
1100000100001001
0011010011010111
1111011101010011
1100010000100101
0110001110100111
0011001000011110
0000001010110110
0010000001001111
1111101110001101
0010111110010110
1110110011100111
1101100100010000
0100100100100100
0001010011001100
1111000001111010
1110001010110101
1101101011101000
1111110010000100
1010100110101001
1011111100000001
0011100011010100
0000001100111000
1101101111000101
0001110000101111
0000100000011100
0000010111111111
0000101000011011
1101101011010011
0101000000111100
0100011110111110
1100010110000001
0100100101001100
0011101010110100
1101010101011010
0000001001010100
1100100110000110
1111101011000101
0000001100111010
1010011100000010
0001001111001111
0010001100100011
1101001010100101
1101010101011101
1110000011111110
0000110001101111
1111001101010110
1110011010100111
0100101110111001
0100111000010100
1111111100110001
0000110101011000
0001011001001011
0000100011110011
0000111001001001
1101010010011011
0010000000001001
0100110011011010
1010100010100101
1110110101100100
0001110101100010
1010111000011101
1110100101100011
1100011111110001
1110010111111110
0100000001100000
1100011110101001
0000000111010010
0101100110110110
1111010100111110
1110101110011101
0000100111111010
0010000100110110
0010101100111011
0000001110010111
0010000101100010
0100100101100010
1111011000000011
1100001001010001
1110101001001010
1110110000100010
1111000010111111
1100111100010001
1110101111111111
0100001111011001
1100001001001110
1011111001010101
0010011101111011
1101101000011001
0000101100110100
0000100100111111
