1011111001010011
1100110111010101
1101011011011010
1100111000101101
1100111101001000
1011111010010000
1110000010111001
1110101100110011
0000111001101110
0001011101101000
1111100010100111
0001100000110101
1111110110001110
1101110110101101
0000001111001110
1110011010010010
1111000101110010
1101110011100011
1101011011111110
1101010010110010
1110111111000100
1110110111100001
1101101111101001
1111000000110101
0000011101000011
1111010000010100
1100100000100110
1100110010000010
1101110010111010
1101100101111101
1110011110011111
1110011000001111
1110000101001001
1110101111010110
1110111101001001
1101001101011111
1111100110100111
1101101100100110
1110000111010001
1011101000110010
1011010000010001
1100110100100101
1111011111011010
1010001011001101
1000011001111001
1001101000110001
1011101101110011
1100001001011001
1010011010101010
1010001001010101
1001101000010001
1011111010110101
1101000011010001
1100101100000111
1110111111110010
1110011110001011
1111110001011011
0000101100000101
1100100010101100
0001100010011001
0000100011010011
0010100000100111
0000011101100000
0000101000010011
1110101100100001
0010010000101100
0001001100111101
0011000100000101
0100011100011011
0000000101011001
1111100001101110
1110100010110011
1101111010101000
0000010010100110
1111001010110111
0001111011110010
0000010010001111
1101101110010000
1110111111001101
0000011001000000
1111101101010010
0000001001010100
1111100111000100
1111001100110011
0010001111010100
0000101011000100
1111101000110110
0010110101110111
0010011111111010
1111011100001001
1111010100011101
1111110011111101
0001000011101111
0011110110001111
0000110001101001
0000110000110011
0001001101111100
0011010000110000
0000110010101100
0000001110010110
1101000011010101
0000100101000010
0000100010000010
1101101110010011
1110110011001010
0000100110010101
0001000001100000
1111000001011100
0000000110000001
0001011000011101
0010000010101101
0000101111111100
1111100011111110
1100011000010100
1100001011001001
1111101000110010
0000100001101001
0001111111110100
1111111100101000
1101101100001011
1111001110001100
1110111001110111
1111010011010001
1111111011011100
0000011010111010
1111011000101000
1101111110000001
1111011100001001
1101100100101010
1100111100001011
1111000100001100
1110001100111010
1110111011100000
1101100110001011
1110010100001110
1111010100100011
1111101000111100
1100000100110010
1110100100010001
1100110011111011
1101011011100101
1110111011001101
1110011101101011
1110111111000011
1111110011111101
1110010000010110
1001011110001110
1010111100011101
1011111000001011
1011000111011100
1101111101010100
1101011011001101
1110100000011110
1100001110100000
1100011000111110
1010001010010000
1100111000001101
1100100101011101
1101001011100010
1010110100000110
1111011000010100
1111011000001111
0000001000001001
1110111101000000
1101010100001011
1010011101011010
1101010011110101
1100111101011000
1110101001011110
1111000110111110
1101001110001101
1110011110001101
1111100100101000
1101010011111000
1110010101110111
1110011000110011
1110001011101101
1110100111110101
0000001101010011
1101111000101111
1101001101000101
1110110000101000
0000100111000101
1111011111100100
0000111100011111
0000110100100001
1101011001011011
1110100100010110
1111101001010101
1110001110111101
1101110100011111
0000010111011000
1110001001010000
1100110000001010
1100010111111101
1110100001111100
1100111110000101
1100001011101110
1011000011011011
1100010110011110
1111001000010010
1100100101101000
1011100101110000
1001111011111110
1100101101011110
1101010001101101
1110110100100001
1110101100001000
1100100111111010
1110100110110001
0010110111011010
0001010101101100
1110111100110011
1111111000101000
1110000011111011
1101111001001010
1110011100001010
1100100000000100
1110000001001111
1110100000000011
1101000000101000
1111001101010101
0010110111101011
0011100100101100
0001100110001001
0010011010111110
0011110100110001
0000111111111001
0001010001010110
1110100010100100
1101001111101010
1111000001110110
1111110001000101
1111100001010011
1101011010001011
1101011001111101
1101010100001000
1101001101101000
1101110000101010
1110011111001111
1110000111110001
1110001111010001
1010110100110010
1011100010100000
1011010101011110
1010101111001101
1101000100010110
1101001101011011
1100100011001100
1101110001101011
1110100101000110
1110101110001111
0001000100010011
0000110100000011
1110011010110000
1110111000001100
1111111101010000
1111001000011000
0011010100001001
1111111011010011
0000011010111101
1111110010010010
0001011001101110
0010000000110110
0001100001101011
0000100110111001
0010001011110100
0000001011101100
1111011111111101
1110101111101101
1111011010100010
1101001111100000
1110100111001001
1101011010001001
1111101101101100
0001001110100110
0000000111010101
0000111001011101
0001000000101000
0010011100110000
1111011010100000
0001100011011000
0010000100100000
1111000011110110
0010101010111111
0000111011001010
1111011101000111
0000001111001001
0010000010001010
1111111111100011
1111101101111100
1111011000010010
0000100111110000
0000010111100010
1111100110101001
1111001101111010
1110100110100001
1111100110010100
0000010000111101
1111011000010111
1101111011111001
1110010010011110
1111001110011000
1110001111010101
0000001011101110
0001000010001110
0011100010010110
0001010100101000
0000010001100010
0000011000011101
1111101011000111
1110111011111110
1101101000011100
0000000100100000
0010110010010101
0001101000011101
0010110111111011
0011001000000101
0001011101010110
0010110110110101
0001001110100100
0010011010010000
0001101010110001
0001110111110110
0010001011111101
1111100110000011
0001000111011000
0001100100110101
0000110110001100
0010110001101111
0010111001001010
0001101101011011
0010111101010111
0000000100011100
1101001110001101
1111011001000010
0010101000110100
0010100011010110
0010110111000111
1111011100011110
0010001001000110
0010011111110010
0011000111001111
1111100001010010
0001110100111010
0000100101110110
1111011010000001
1101101111111110
1111011011001011
0001010110100100
0001111110001101
0000011111010000
0010010000111100
0011000010011110
0010001101000101
0010000001001110
0011110011111010
0011111010001000
0010010010010001
0011111000011001
0000000111111101
1111111010010011
0000101100110110
0010000011111011
0010001111101101
0000101110011010
0011010100001101
1111110000100101
1111000111101101
0001001011011110
0011000110110100
0001010011101011
0001100001100100
0001111111001000
0010001001010001
0001011100000110
0000111000101010
0010111101111001
0011101100100011
0011101000011111
0010001111100111
0100110100101000
0001001000010011
0010010011011111
0011101111111110
0001011011111101
0010000111111011
1111101101111111
0011100110010011
0000101101010100
0000100101101001
0010101011001101
0011110100010011
0011000001111110
0100101010000000
0011110100100000
0010010000000011
1111001100110100
0000011101010000
0001111011111011
0001110100011000
1111011010010110
0011000001000111
0100000011100110
0010110000100010
0000111001100001
0001011010110011
0000001110001000
0001100000101000
1111011111111101
1010110111111110
1111101001001101
1111011101100001
1111111000101011
0000100001110011
0000011100110001
0000111100110110
0001100001100110
0010010101101110
0100010110111001
0010101111111011
0001110100001101
0010111000010110
0000010110010011
0001100110101110
0000001010011010
0010001100010111
1111011100110001
0010000110011111
0001001111101001
0000111110011101
1111011110110111
0000001001000001
1110111111000111
1110000111100111
1100110001111111
1110110011011100
1101100110001101
0001001100111001
1111010011011011
1110011001101001
1111011111001101
1100011100001100
1111000111101111
1111101011010101
1100110001011111
1111110011001111
1111000111101010
1111000001010101
1101111000000001
1111100111011000
1110111111011011
0000111000111010
1111000111001111
1111001111100110
0000100101111100
0001001101010101
1110001101101001
1101111110001011
1111111000000111
1110000011110101
0000011000111110
1111000110010010
0000101111001101
1111010000011010
0001001001001110
0001110110011000
1101111010010110
1110010000001011
1011000010001011
1011000001110111
1011001001011010
1100111111110111
0000001100110010
0001011010101001
0000001111111110
0010100011110100
0000010011011111
1111000100100011
0001001110110000
1111110000100001
0000001100001111
0000110110100100
0001101100001011
0000101011010000
1110110111101110
1110110011111110
0000001000011101
0010000100101101
0000001001111110
1111010111100110
1111001101000111
1101011111001001
0001000101111111
0000111110010110
0001001101100100
0110000100100101
0011100011001100
0000000111100111
0011000100110111
0011100111011000
0010010001100011
0010101101110110
0001111110110010
0010000000010101
1110010100101010
1110010100001001
1101110000101100
1101011100101111
0001101000100000
1100110111001000
1100101001001110
1111000101011110
1111111001011010
1111101101011101
1110111110101101
0000001001100001
0000100010000010
1100010111111011
1100011100001001
1100110111000000
1110010111001111
1101011100001101
1110000101101100
1101011110000111
1100110101001011
1100000100011100
1101100001101101
1001011101111110
1100001110110110
1101111100010001
1101100110011000
1101010111111000
1101111111110111
1011100010101010
1101101010001101
0000000100100100
1111001100011100
1110100000100101
0000111101111010
1111000000000000
0000100000110110
0000010010110000
0010001111111000
0001001111110000
0001110011001100
1111010101100101
0101011101011001
0011000100100110
1111000110000100
1110001100111101
1101101000110101
0000000011001110
1101100000101110
1111010000010100
1101101011101011
1100010010111110
1011110100111111
1101100001010000
1101010000111000
1111000000110010
1101011000100100
1111000010101010
1110110100110111
1101010000011000
0000011011101101
1011110010100110
1100111111110110
1010001101001011
1010111111110000
1000110000100001
1010110111100110
0000011110000100
1100101100100011
1111111110011000
1110001111011101
1010111100011011
1101101111100000
1010110000011001
1110111011110001
1110111011010000
1101011001110010
1110010110001000
0000000101010001
1111000100100010
1111011010111010
1101000001110100
1101001111011101
1101011001011010
1101011100100001
1101101001011000
1100110011011111
1110101001111100
1101111000101000
1110001111011110
0001000111011101
0000100110011111
0001000010111101
1110111111111110
1110111001000101
1101110111111100
1101101100010000
1100111101110111
1001110000111010
1011010010001001
1101101000101010
1101110100101100
1011001110110011
1101010100011100
1101111001101110
0000101011101110
0000110101110111
1111101100011110
1110010110110110
1100100101000101
1101111011001001
1010100101110000
1110100010111111
1101000101110010
1100001000010111
1010110111010001
1100011011101101
1011000111001100
1101000100100110
1110111011000001
1110000101100111
0000010110110100
0001010000011100
0000100000000101
0000111011100110
0000011010101010
1110101010100101
0001010011110100
1111111000101101
1101001000100001
1011100010111110
1101111011010100
1111111101111101
1101000011111100
1101100111110110
1011111011011110
1011111010010011
0000000001010100
1110010011010101
1111101001001011
1110101010100000
1111011000111110
1101001110011111
1100100011110011
1111011110101000
1111100111110110
0000010001110111
1111100101101110
0011011001001110
0010100111011000
1111111001111101
1111000101100110
1111101001100000
0001111001111011
0000101011101000
0000000111111000
0010110001100001
0000001010110100
0011001000000000
0010011110101011
1110010011001000
1101100100101110
1100101000001001
0001011110001110
0010010001111110
0000011100111011
1101001011100010
1101001000101111
1100101010010001
1101111011100111
1101000011010110
0000111111101000
0000100101110101
0001000011100111
0001000110101111
1110101010100011
0001100011000111
0001000100101001
0001000111111110
0001100100001001
0010000010011001
1111011000100000
0000011000010110
0001001111011001
0001111000001000
1110010010110001
1111000011001011
0000001101010010
1111101001011111
0001011100000000
1110001010001001
0000110101100001
0000001101010010
0000010110111111
1111110111011001
0000111111100000
0011011101100101
0010010000110111
0010000011000010
0001111111001111
0001110110000100
1111100101011011
1111011000100000
1110000011011100
0000110101001110
0001000011001101
0000111000110100
0010111111110101
0000111001110101
1111110110010110
0000110100100001
0001110001000000
0010010010001010
1111010010001110
1101010110101101
1111110111010100
1100001110111001
1111001110110010
1101111101100100
1100100111001010
1101111110001100
1110000011110000
1111100101001010
1111111111011011
0000101111011111
1101000011010010
1110011111110000
1110010100111011
1110010111110011
1100011110111111
1101100111011000
1110100001111011
1101100001101101
1100010111011111
1101000000100010
1110110011111001
1110000000101101
1100000101101111
1101100111010101
1110101011111101
1111100011111110
1111001100101001
1111111110001011
0011011010110010
0001000111100100
1111110101101100
1011100110001101
1100000000000111
1110001111100010
1110110011100001
1110100110010110
1101111101110110
1010011011111110
1011111101100000
1101101110111111
1110011001001111
1111101001001101
1110011010101101
1101001100110011
0000100100011001
1111011010100011
0000111101001100
0000110111101001
0010100100001010
1110111101011100
0000000011110110
0011000011000010
0001010010010110
0000011101001000
0001111011010110
0010101101101010
0001100100100110
1111110110111010
1100111101010111
1100110101000110
1101101100111111
1110011001101000
1101111001011000
1100111100111011
1111111101000010
1111010101101110
1110111101000101
0001001000010100
0000011101111010
1011111000010110
1100000000000110
1100100001111110
1100001001111010
1110001011110001
0000000110010111
1111011111000000
1011010011010111
1011010010110100
0000000110110011
1111010000100110
1111011011011111
0000100010101011
1110010001110101
1111011110111011
0000000101101110
0010000110101111
0010100101000010
0010110000011101
0001001100011100
0011111011010100
0010000110011001
0001100001001000
0001101100011011
0010110001100011
0011111101001010
0001010011000110
0010101111000010
0010011111000000
0001110111000110
0000001101101001
0001110011100001
1111111011100010
0000011010010001
0000011001001110
0000101001010011
1110010000101010
1111110000001100
0000000011101100
1111000010010011
0100110000110111
0100111101011101
0010111001100111
0011101011100110
0100000000101001
0011100111000011
0010100011010010
0000100111010111
1110110101111101
0001110111000101
0011101111111001
0100001110110101
0011011011101110
0011110110001010
0010101010101110
0101000101001100
0011111000100010
0001110000010110
0010101111101010
0001011110101011
1110011100110111
0000101011011101
0000101101110101
0000111000010100
1110110000010110
1110111000101000
1111000101111010
1111011001101000
1111100110011010
1100100010011001
1101110111111001
1111110111110101
0000010100001011
1110110011111110
1110110011001011
1111011110111101
1101010110000011
1110010011111010
0000011001010111
0000001010010001
0001110011011101
0001110010011100
1111011101100110
1111001101001000
0000011000110010
1111101101010111
1110110111110110
0000010101111100
0001001111111111
1110001110011011
1011111101110110
1100001000000001
1100111000011100
0000111111010000
1111011001011101
1110000010011011
0000010110111001
0001001111011100
1100011101011111
1010001111011101
1101011110011010
1101000000000010
1101111001100111
1101100010000001
1110101110101110
1100000010010010
1110010110010000
1101011011101101
1110000100101000
1111111010100100
1110011010010011
1011111101101001
1010110001111100
1010111001000011
1101000100011101
1100100111101101
1100111001101001
1110100110111010
1111111111000111
1110000100010000
0010001100011110
0010011011111110
0001010100101001
0001011011000011
0000001110001011
1111101100010100
0000111101000011
0010110111011101
0001111111111000
0001100110110111
1101111010110100
1111111101100011
1101110100110110
1111100011000100
1111001100111100
1110010001100110
1111111110110111
1110001110010110
1111001010111111
1111111011110011
1111011110001110
1110011111001000
0000010110000000
1110111111111011
1111001101001101
1111000111111111
0001010001101001
1110000000110011
1100100101110110
1110010111101111
0011011101010111
0001000001100100
0001101001100110
0000010111010001
1111001110111100
0001000000001101
0000111111101110
0000001010000111
1101001110111110
1101111100101001
1110000110000100
1110110111100101
1110000001100001
1101101000010011
1110111001110110
0001011011111111
1110010010001010
1101101110010001
1101000100110001
1101001001000001
1110000111010110
1111110111111111
0000001000010011
1101101100011111
1110011010111110
1100100110000110
1101000110010100
1101011100111100
1110001001101010
1110010111010110
1110100000101011
1111101001000010
1101100110110100
1111110111111101
0001110110000101
0000001010100111
1111111111111100
1111001001011101
1100111001000001
0001001010010001
0000001001111111
0001010001110001
0010010011011110
1111011001010010
1100110100001001
1111110000101000
0000000011110110
1110000101100100
0000101010111111
0000100000000000
1110100001111011
1101000010110110
1100110001011010
1100111011001000
0000101011111011
0001110110011100
1111111111111101
1101110110111010
1101001001100001
1110110011100010
1101100101100100
0001010110101100
0010100001101010
0010000101000001
0000111011011000
0000111110001110
0000011001110111
1110100010001101
1111110110010001
0011000010100111
0010011111110101
0000101101110101
0010110010010100
0001110010100111
1111110011000000
0000110100101110
0001011101110101
0010001010011100
0100010000111111
0000101110000101
1111010101101101
0001101000001010
0000101011110110
0000011101001001
0000000101110010
1101111110101100
1100100001100011
1101111011111100
0000101100010111
0000101000010111
1111000110010100
1110010100001011
1101010010100011
0000001110100011
0000001001101110
1110111000111110
0000100101110100
0000110010011101
0010000010011100
1111110111100011
1111111101110100
0001001110000011
0000010011110110
0000110110100110
0000001000111111
1111010010001101
1111110011000101
1100011011000111
1101111011101011
1101110111100100
0000001100011001
0000101001011011
0001010101101111
1101001010001011
1110111100000001
1101101000101001
1111101001010011
1111000101001010
1110101101000101
0000101011101001
1110101010101111
0000000110110110
1110100010110010
1111001101010000
1111110001110011
1110101111111001
0010011010100011
0010011000100101
1110100111010001
1110101110100111
1101110000111000
1101111101111110
1111111011110001
1110101000000101
1110000011010101
0000000100100100
0000001001110110
0000110110010001
0000011101111111
0001111111100011
0001000001101101
0010000101100011
1110110011010100
1110101010000010
0000011001000001
1110100110111100
0000010010111011
1110101111100101
1110110011000100
0000100101011011
1110110110011011
0010100100110110
0000011010111100
0000000100101000
0001110001010001
0010000001010000
0001111010101110
1111010000101000
1101110111110111
0001000111000110
0000111001011100
0000110101110000
0000100110111001
0001001011101111
0001111011000001
0010110100000111
0001100111001001
0010010111000111
1111100000001111
0010000111111010
0001001110001001
0001111001010101
0010111101011101
0001011110111101
1111110110111111
1100001001010101
1110010101011101
0000111010010011
0000000110011111
1111101111000101
1111110100100001
1101101001001101
1111001101110110
1110110100100101
1111000100000010
0100000001100000
0000100100100100
0100000010100011
0100010011110110
0000000010110000
1101011110100110
1101011011100011
1101100010101011
1100000011001101
1011111110001111
0000000111110101
1111110001000111
1111000011001011
0000111111010110
0010000000100101
0001011001010101
0010010001101010
0001000010100100
1111010001000111
1111110011011111
1110010100111111
1111110100011000
0000010110000000
0001010001100011
0001101000100000
0000001111100011
0001110100010100
0001101101000100
0000111011000000
0001111000101011
0000100010101100
0010000001111010
0001100100010100
1101011110100111
1111001110010000
0011001110111000
0010010101110001
0001011101001101
0011000100011000
0001110011011000
0001110111100111
1111011010000001
0001100101000111
0000110000011011
1110100010111010
1111100001101011
1111001111110010
0000000100011100
0010110100100111
0000001000111010
1111111010100011
1111111100100110
0010011000101100
1110101110110100
1111010100110111
0011000010001000
0010100101000001
0001001111011100
0000001001111011
0001001011001001
1110001101110111
0000000101100110
1101001001000000
1111100001101100
0100000011100001
0001010111011011
0010010011011110
0100110111101000
0001001100010001
0000010011101001
0010001110100111
0011001001000011
1111010110011010
1111101101100110
0010011000011100
0000101110111100
0000011100110111
0000011000100001
1100111101110000
1101101011010100
0000011101101101
0010001001101011
0001000111100101
0010000010011111
0001111001000001
1111000010010111
1100101100111100
1100110010011010
1100101111011001
1101110010110100
1111000100000000
1101010100001110
1111110001011100
0010001010001000
0001001011011111
0001111001111010
1110010000000000
1110111110101010
0000001110111100
1011101110001100
1000110100010111
1010010000000111
1001101110101001
1001100010111110
1010001101110110
1101000111011110
1011100101001100
1011110001011000
1100000011010110
1111110100100111
1111111011100100
1111011100000000
0000110010001000
1100000100111011
1110010111000100
1110010100100100
0000000100000001
1110011001110011
1111000100110101
1101101110100011
1110111110000111
1110111111100010
1111001010111011
0000100110001111
1100001101010011
1101000001110100
1100001111110011
1111001011001011
1101100011101111
1101111000000011
0001000001011011
1111101100110110
0001100100111010
1111000001111000
0001100101000100
1110111001111010
1110010011011110
1101111100010111
1100001001111001
1110001001101101
1110010101101110
1101110111100110
1110101000011001
1110101101100110
0000110001101110
1110001100110110
1111100110010111
0000100110010110
1111001100010111
0001110010001110
0010110000100000
1110101101111101
0010001100111010
0000001110111011
0000010111010110
1111010000010101
0001001000001001
0001101100100100
0001001001101000
0000111110100011
0000111000100110
1111111110100100
1100111101100101
1110010000110100
1101001101101000
1101111001001010
1111010011101111
0001111010100011
1111100110101110
0010000101011000
1111011111001100
1110001010011010
1110111000101010
1111101010100011
1101111110101101
1101110111110010
1110011001010110
1110111101011011
1101100000101001
1011100110111011
1000111100100011
1011011000110100
1100001100000010
1011100011011010
1011111000111110
1001010000110100
1000000000000001
1001010010000011
1001100101111000
1100110110110000
1011011111110101
1111000111110100
1100010000011111
1101110101101000
1101011000010010
1010101011100110
1000010000011110
1011111101010000
1011000010011101
1110001101110010
1110101111100111
1110001000010010
0000110010101000
1111110101010101
1101011101111010
0000010111001100
1111100101010110
1111100010001101
1101110000111010
1101111111010011
1110100000011101
1111010001001001
0000010010100101
0010101110010101
1110100111111010
0001010001011110
0000000011011011
0000100100010110
0001100010111010
1111101011000000
1101000000110101
1110001011110000
0001101100101101
1111110010011001
1111101100110001
0001111000100101
1101100100110000
1111111000101100
1111010101011001
1101101001011110
1111111101110010
1101000001011100
1110011111011110
1110001011010001
1110001010000010
1110001010100010
1101101001100110
1101111001000011
1111101101011111
1111111110110100
0001101001011011
1111010111100010
1110110111000011
1111000011001110
0000110100111011
0001110111001100
0001010010001000
0010011010000100
0001110111010000
1111010001011011
0001100011100101
0011000111100001
0001001000111000
0001100001000010
0000110000011100
0001001110111011
0000100110011011
1111001111001101
1110111001111101
1101111011001100
1110111010000010
0000001001101111
0000001010100101
0000100100010101
0000001111101111
1101110110111111
1110000110000000
1101100111111110
1110011111010110
1110000101101110
1111011100100100
0010010101000000
0001110010000110
0100010000110110
0100011111001011
0010001100000010
0010101100111000
0010110011010110
0011011000000101
0001011100000001
1110111111010100
0000000011010000
0000001010100100
0010111111011100
0001010000110010
0010010111001001
0011001011010110
0001111001011101
0001100101011111
0011010011111000
0010101000100000
0001101111010100
1111100001010000
0000101111101111
0010010100111000
1111001100000000
1101110010000111
0001000100100110
0011011100011100
0000010100000001
1110101010000110
0000000101110010
0001011110000010
0001010101001011
0010011100101100
0001111001000011
0011011101011001
0010111111100110
0011100111001111
0011111100010010
0011010010101011
0001111000011001
0001110001001101
0010011000100110
0000111011001010
0011110100011001
0100110001110100
0011111001000001
0011101001110111
0011100100000100
0000101001000111
1111100001101111
1111010001111000
1111111100000000
0000011011001101
1110000111000110
1111001000110001
1101100001001001
0000011011000000
0001101011010111
0010001000111111
1110111010100100
1100111110101101
1101001011000111
1111100111111001
1110111010110110
1101101011011011
0000001011011001
1111111111000010
1011110011101011
1111101011100111
1110110101100101
1100100001010100
1111001000011001
1110011001101100
1110001001000101
0001101000000010
0001110011000011
0000010111010101
0001111101100110
0000011011011011
0001101001101110
1110111111011011
0000010111000011
0001101101110110
1111001110010100
0000000011110011
0010100010101000
0000101111110010
0101100100000111
0010110111001000
0001110000110010
1111110001100010
1111101000111100
0010011100101000
0011010000100111
0011100010010011
0101001111100101
0100111110000111
0011011111001010
0010001000000100
0011100100110010
0100001011110001
0100100111111111
0110001011100011
0011111000111110
0110111000111001
0100100000101010
0010110000011110
0011110110011110
0011001111110010
0101001101101100
0100110100101101
0001011000110111
0001111010111111
0001010011000010
0011000101101101
0010010110001000
0110100010101101
0100011100111100
0100101000111100
0100011011110001
0110001011001100
0011011101100110
0101010001011010
0110000111011101
0101011010111111
0101101011010011
0010110111000010
0010001110111101
0011100001001011
0010011001000000
0011011001101011
0001110101010110
0000001011001100
0011000000111110
0011101101100110
0011111001000101
0001010110010001
0000111101001100
0011001011011010
0010111011101111
0010000000100100
0010011011011011
0100111101000100
0100110111011111
0101100001011001
0100011011000110
0100010010010001
0010100001010010
0100101111000100
0110101011101100
0110001100111110
0100010010100011
0110101001010011
0100101101101110
0101010011110101
0011010010011110
0100100000100000
0101110100101100
0100001110110110
0001110000010101
0000011100110010
1111010110111001
0001011110000101
0011001011001101
0100101101110100
0101011011000000
0100010100000101
0010011010010100
0100110001100111
0011110110100011
0101001011010110
0100010101100101
0101111101101000
0110000101011000
0011011100001010
0011001111100001
0010111101001011
0010110100001011
0010001110100111
0011110100100000
0011000111100001
0011111000111000
0101110010111111
0011101111101101
0001010111110101
0010101001010110
0111001111001010
0100010001001101
0011111110010011
0011011001101100
0010101010001011
0000110111111000
0011000000001000
0001100111100111
0100001100000010
0011100101011110
0011011010110111
0001100101011001
0011001101010011
0000101001011010
0100101110100101
0101110010011111
0001111011111100
0000101111001000
0001001101010011
1110010111101001
0000010000010000
0001111001101100
0001100000111001
0010000100111011
0001000010110010
0010110111101011
0001100100100010
0010000100011101
0010001111000111
0100100010110111
0001011110000101
0001000010100011
0010100010010000
0010000100001100
0101110111101000
0101001001100111
0111011000111100
0100000011101111
0100110010101110
0100000010110110
0111000101001100
0110110100000010
0100001000110101
0010100001000010
0100000110100100
0100111001000000
0111000000101111
0110000111101101
0111000000101001
0101111011000110
0011110010011111
0111110000011100
0101100001010011
0111000101000110
0010101110001000
0100101001101001
0011111010101011
0011111101011001
0011100001001001
0010111100011100
0001111111011111
0010111110001001
0010101010100110
1111001100000001
0001010101110001
0001001100100111
0011001100101010
0001101001010011
0001000001101011
0010111101101110
0001110110000100
0010001011001011
0001100101000011
1110110101000101
0001011111111100
0011000001110000
1111111001000010
0010011011001101
0100111001000100
0011110010001101
0011101100101001
0011100010010101
0101010100111111
0001010011000010
0011100111100011
0101011101011000
0110011100001111
0001111110001101
0001000001000101
0010100001000110
1111110101010110
0000010011111000
1110011111001000
0011101100100010
0011010101010100
0100011001011000
0101101011100001
0011110011001100
0010000110101001
0001110101100100
0000110101000001
1110111101110001
1110111110011110
0001101001010110
0010110110000111
0001000001101000
1110111110011101
1110001111011000
1110100101100101
0000000001100001
0000010011110001
1110101100001110
1111001010011011
1111010011110010
1111010011101111
1101101001011100
1110011101110011
1111011101000110
1101011100010101
1110000011100110
1100110011110111
1110011010100000
0000101111111100
0000011001101110
1111110110101000
0000010011001101
1111001000011100
1101011011101111
1110001001100000
0000111010010010
0001011001011001
0010010001101001
0010001100001001
1110001110001110
0001110001101110
0010010010001011
0000110011111111
0001010101100000
0001001111111000
0100011011101101
0010100111000011
0011111010101101
0010001001001101
0011110111101011
0100100000110011
0110001100100011
0011110100110010
0101001101001000
0011010001111000
0010000100101000
0010110111111001
0001110011001001
0010011000001001
0010100001001110
0001100101111100
0011000111101011
0100000101100100
0001010001010100
1111101111000101
0001111000010001
0001000000010001
0001110110100111
0000111001100001
0001111101100000
0010001001010001
0011101000100100
0100101101011010
0100001000011010
0100101001011100
0010001011011111
1111001010011100
1111101001000111
1101011111100101
1111110110000000
1111101011000000
1101001110000101
1101011100010011
1100101100111110
1111101010111011
0000001110100100
1100101100110101
1101101110001110
1101111010001100
1100011010111001
1111000111001001
1110100101010111
1110001011001000
0000011000011010
1111001011111110
1100100001110000
1101011000111001
1110101000011000
1011111101000111
0000110000110111
0010011001111101
0100001011101000
0011110001001010
0001010101011110
1110100111001111
0000011110010001
0001101111011000
0001101001101001
0000000001010001
0011100001100111
0010101011011001
0001111100110001
0011111011000111
0010100011101110
1101111001100011
1111000110110011
0000001001100011
0000111010001111
0001000101110011
0001011111001011
1111000000110110
1101100111110000
0010000100011011
0000000100110011
1101011011011001
0001001011111111
1110010101010111
1100001100001100
1100011011101000
1101000111000100
1110010011110100
1011010101100111
1011101110111111
1101001010111000
1111101001101101
1101001111001001
1110111100101000
1111110100100101
0010000001010100
1101110000100111
1100110001011011
1100010011100111
1111000010111010
1110100000110001
1110111111011100
1110111111001101
1111100011011011
1110111100111101
1111101001110101
1111101010111001
1101010111100000
1101110001000100
1111001011001100
1011111110100001
1100010011111110
1101100101000000
1101001011110001
1101111000001111
1111111111001011
1011100001110101
1101001011010110
1110110011011001
1101100001100000
1011001000101101
1001101000001000
1011100010101110
1110100100010111
1110010100100010
1100111001001110
1100011011000101
1010001111101000
1010011010110011
1010011100011100
1100001110110111
1100100000010101
1100110010101010
1100010011000111
0000110100110000
1101010010001100
1111101000001000
0000011011011001
0001001001110010
0000000101110111
1101011000101111
0000001110010010
0010001101000101
0000011000011100
0011000110001110
0001110001101000
1110110100000001
1101101101111011
1101010101011100
1110001110101011
1101010100000001
1101011000111010
1110110110101110
1110110010010100
1101000100011011
1110010001110101
1111110101110110
1100110111011100
1101011111111001
1101111111000000
1100011011101011
1100110111001100
1101101101011100
0000100110011000
1110010000001111
0000100000000000
0000000001001110
0001011111110101
1111101010110010
1100101001111000
1100000010100111
1100111101111000
1100000010011101
1110010010110100
1111101001010010
1101110110110111
1110010010010100
1110011011011001
1101100010100010
1111110001011110
1111100010000011
1111110001100001
1101001111100001
1111101010110101
1111110110101111
1110110001100000
0000000000001101
0001111100110010
0001111010011011
0000110011110110
0010001110011100
1111011110101010
1101100011100110
1111101000000111
0001100010101001
0001000101111000
0000010000111001
1110111100100010
1110010100001000
1111101010011000
1111110010011111
1110101010110011
0010111101001001
0010111011100110
1111010010011011
0000001001100100
0010111001101101
0000100110000100
0000001111111101
1111101100010000
0001011011001001
0100010100101010
0011111011010011
0001100100110000
0001001000010000
0010000111000010
1111011010101011
0010000001010100
0001110100111011
0000001010010001
1111101111000010
0000101000010011
0000011001110001
0010000111011011
0000011001000110
1110010001100111
0000010010011010
1110101011111001
1110111100011110
1110011010011111
1111001111001010
0000110101001000
0001001110010110
1111100101001110
1111011110100111
0010011101011010
0010100111011100
1110111101110000
1110110001101001
0010010100010101
0000110100000111
0001111010001001
0010001100010011
1111101110111100
0001011010100010
0001100100011110
1111110001001110
0001000101100010
1110111011101000
1111100011110001
0011110010100010
0100000010000011
0010110100010000
0010011101111010
0010000101101001
0100101110101010
0011101011111011
0001000101111101
0000111000000010
0011011110011001
0101101011001011
0100010100100100
0011000010001110
0100100000001111
0100011110110100
0011100010010001
0010000111010110
0010000010100110
0010101101011110
0000000011000010
0101000101010100
0011001101011010
0001110001000100
0001000110110100
1111011000010000
1111110111001100
1101001101001100
0000000101010110
0000101010011111
0000010101111110
1111100111101101
1111001110101010
0000110010001111
0001000110111110
1110010011001100
1111011001101010
1101110001110000
0000111110100000
1110101001011010
0001000001011000
0001011101110100
0001011110000101
0000011000001010
0001011111100110
0001010110010001
1111101111010110
0000110001011001
0000011100101100
0000110101100001
1110010000010100
1110011011110111
1111101101000001
0000010001000110
1110011010010010
1110111000110111
1111100000110111
1111001001000100
0000001000001101
1110100010101101
0010011111000000
0001011111111100
1111001101010011
0001111001011100
0001100100100011
0010110100011010
0010100000101011
0001010101001101
0010101101110011
0011010000001101
0010001100000110
0001101000111110
0001011001110100
1110011000000100
1101001010100000
1101111000001011
0010011100010101
0001010110000010
1100001100000010
1100111001100111
