1100111001110100
1110011100100010
1111111110010000
1111100101011010
0001001000101100
0000010001111100
0001010101101100
1110101100111111
1111100100011011
0001000000011101
1111101110000011
1101000110010010
1101100011000111
1110110011101111
1101001100110001
1111111010111011
1111101000111100
1101111000000000
1101110011111011
1100100111001001
1100101101101011
1101100100100001
1110001011110000
1111010111111011
1111110111101101
1101011101101011
1100111111011101
1100111100100110
1111001101011000
1101111111010100
1100011001001111
1101010001010101
1111001011101011
1101000010110011
1101000110110010
1110101101110010
1111111111111011
0001010101111011
1100110111011010
1101100110010011
1100101101001010
1110001000100010
1110101110010100
1111100001100111
1100110111000001
1100011010111011
1011000010000110
1011110101001010
1110111110110011
1111010100000111
1101111110001000
1110010111010011
1111000101111101
0010111100100110
1111101011110001
1111000111110111
1110111011101011
0001010100001100
0000101011101111
1110000101010100
1111110000011011
1110011101010000
1110111011100110
0001101110100101
0001100101001001
0000100000110010
0000001011111101
1111110010101011
1110111110101001
1111111011110110
0010110001111000
0000110000100011
0011001100010010
0000110111111010
0001111110111010
0011001010111100
0010111110110010
0001111001010110
0000011000011001
0001001110011110
0000100101000110
0010111001011011
0001100001111000
0010101010000000
0001011000010111
0010001010100001
0100100100000110
0100000001000010
0100001101100000
0011010010000011
0011001100011111
0010011100101101
0000110101111100
1111111100110011
0010111010001101
1111100110000000
1111101100111010
1101110101101100
1101010001000000
1100110001010011
1111001010011011
1101111101101101
1101011100101010
0000001001100100
1110110010111111
1111001101110001
1101101101001101
1111010110010111
0001001110011011
0001010110010000
1111010111000000
0000001111111001
1111101000001111
1101111000010100
1111011001000111
1101010100111100
1100101011111101
1110000111101110
1100000000111010
1011110011110110
1101101111101101
1101010100101001
1100111001101101
1110101000011001
1011110110110101
1011001010100100
1100101111000100
1011011111101000
1100101011001111
1101000001101000
1111111110101010
1110111100100000
0010011110000000
0000110001111011
0000100001011011
1111010110101100
0000110001011001
1111000010001110
1101110011011001
1101100010001000
1101001100001110
1011100000101111
1111000001011111
1110011101011000
1110010000010111
1111011101001111
0010000000110100
0011000001110110
0100101011100001
0101011000110110
0100011001100111
0110001011111100
0100111000001110
0011101010010101
0010001100110100
0111010110110001
0110011111100100
0101101110110000
0100001000101100
0100010011011011
0011110010010010
0011010001001011
0010111110111011
0010001110110110
0001011101101011
0000101000101011
1111001011100111
0010000000101001
0011100100011110
0010100000011010
0001110011101101
0010000011110110
0001110111111100
0001010001010011
0000010000001111
0010110101101011
0010010010110010
0001000110111101
0000100000011000
0000011011100011
0000110010001000
0000011011111001
0000001101110100
0000000101100001
0010100010111010
0100001010001001
0011010011111110
0011001110001111
0001101110110010
0100001110011110
0101101010001001
0010110011110101
0010111101100001
0010100011101100
0011110110110001
0001101111110100
0000110100010001
0001111011110111
1110111100101000
0000101010000101
0001000000000010
0000111010010010
0001011011100011
0001111101011001
0000100010101111
0000110010001001
1111101101111010
0010110111011110
0011011001001000
0010011011100100
0010001000110110
0010011111000101
0001111110111100
0100110011101111
0010101011100110
0001010000000110
0011010000110100
0100001101110101
0010001000111110
0000001011111001
0010101010111010
0000010000100100
0000011011111001
0000101110000000
1110010101110010
1101111111011010
0000110100101100
0001001111111010
0001100011111010
0010100010001100
0010010010011111
0001110101100100
0010010011101010
0000100111000111
0000110111011000
0001110111000101
0001111110011111
0001011101110110
0000110001010010
0010011110110001
0001100101101101
0010001111100100
1111010010111101
1110101100101111
1100010000010000
1100101100011011
1110100111011100
1111101101010001
1110111010010110
0001000111101101
0000011000000001
0001111100111000
0001101001101110
0000011111011000
1111000100101100
1111111000110011
1110010110110101
0001111000111111
0000011010011000
1110011101111111
1101111111110101
0000100001110001
0001000001101010
1101011101101010
1101010101100111
1110110111010100
0000100001101100
1111101010010110
1111111010011100
0001011111110000
0000000001100111
0001101101100110
0000000010111000
1111100011000101
0000010010011001
0001100101001000
0001010111110111
1111011110010111
1110001101110001
0000100000111000
0000101100111010
0010011100100011
0000010100000100
1111010111111111
0000001000101111
0011000000110010
0001010100011110
1111000000101111
0000110101100011
1111101101001011
1111000101000001
1111110001000100
0000101010000111
0001110111110100
1111011000000010
1111001110011101
0001010001011110
0000110100110110
1110100110101110
1110100110100110
0000011111100011
1111010000011101
0000111100001011
0000010011110110
0000010011011110
0001110011111110
0010011111110110
1111110010010100
0010110010000101
0010101101001100
0011010100000101
0011110010010100
0010010001000110
0011100011010001
0011110100110010
0100000101000110
0010100110001011
0001001011011100
1111011000011001
0011011111100100
0011100001000010
0000010110001011
0001001101011100
0000000100011010
1111111011111001
0001101011101110
0010001001111111
0001110000110110
0001010011100111
0000110000011000
0000001010010101
0000101011100010
0010000111010011
0010101111110000
0001101000111110
0000110111111111
0010001000101100
0010000101010111
0000111001111101
1111101000110100
0000100011011011
1111011111100001
0010010001011001
0001110001010101
0000110010111110
0010110100100100
0001110010001100
0001100110100110
0000111100011000
0011100111100101
0100010110100000
0100111001111101
0100010100110101
0001010000011110
0010000011111011
0101000110011001
0001110110100100
0001010101000101
0001110001110100
0010101111010110
0100000100010100
0010001100011010
0001000010011000
0001011111110001
0001000110001011
1111010110100001
0000010110010111
0000101100100100
0000101001100101
0000001111110010
0001010101010100
0011000111101111
0100011111100110
0100111100111000
0100101101110010
0100001101001110
0100100010010110
0001110000011010
0010101011100011
0100000000100000
0100101010101101
0100011100101011
0011111100101010
0100010000001101
0010011101010100
0010111110100011
0000101010111010
0001010111011100
0001001010000011
0000011100101110
0010100101101001
0011100111000010
0011110111001100
0010001000010110
0100100111000110
0100010011100000
0100100010101110
0010000011111011
0000110100001110
0000100100100000
1111110010110001
1111011001000001
0010100010110101
0011001101000001
0100001110011000
0100101001100111
0000110100011101
0011111000110010
0100010111001011
0011010010101101
0011011101110110
0010101111110101
0100010001101110
0111111111111111
0100101101110110
0110100101110111
0101011111111100
0011101101100111
0110001010001111
0011110101000001
0010111110111011
0001110001001010
0010111100101011
0011111110000101
0101101000001000
0011110100111000
0010010111111000
0011010001101011
0011100111110110
0001011100000010
0011011101101111
0011001011111010
0011110010001100
0010001100100000
0001000000100101
0010100000110001
0000111111010110
0001101001111101
1111011111001111
0000100111111000
0000111001011110
0011100000011000
0010000011000100
0011000010101011
0001100101010001
0001100000011000
0010010010010000
0100001110100111
0010111011000111
0010101100100001
0001111001111010
0010110111101001
0001010111001111
1111111010101110
0000011101001100
0000011110111100
0000011111101101
0000011111101111
0000011111110100
0000010110111100
0000001110000110
1110111111100111
0010100000000011
1111101100000011
1111001110010000
0000111000011100
0000100000100111
1111101110001001
0000000010111000
1111010000101101
1111101100111111
1110111111001000
0000001101010100
1111111001110100
1111011001001110
0000010010010010
1101111000101101
1101001101000000
1101001110011110
1100110011001100
1101100010001011
1110101001000011
1101101100100001
1110000001111111
1101111011000010
0000001101001111
1110010010001100
1101011001010111
1111001010110000
1111111100101100
0000000111011001
0000100101110000
1111100011010101
1110011011011011
1110111010010001
0000110101111110
1111010101111011
1110001100111010
1011101111101110
1110000011000010
1111100111101110
0000000111111101
0000011101101111
1110001011101001
0001111000010011
0001000001000011
0001010100011011
0001011011100111
1110110001000000
0000001010001110
0001100011111101
1111101111000111
0001111110111001
0010000011101100
0010000100010000
0001001000101001
0011100011001100
0101011011000010
0011100010101011
0011100100100001
0001101011011111
0000010000101110
0011110011011100
0100010001100001
0011000000001011
0010111100100101
0010001110100010
1111101110001111
0000010001010110
0000011001110111
0000110111010110
1111110010010001
0001011000010010
0001010011101001
0100000010101000
0001001111101100
0011101100001010
0010000101101110
0001010110100110
0010101101100010
0010100001001111
0001011011001001
0010101000011001
0001101011000100
0011011111010011
0100101100110011
0010101000101010
0000010110011110
0000101100011011
1110101001011111
1101110011100000
1110000001000001
0000011110010100
0000010011100110
0000100100010000
0010111000111010
0011000011010100
0010010010000111
0011011010000011
0000010000010101
0001000111100000
1111010001101110
1111011101100101
0000011100011110
0001011101001100
0001010111101011
0000111100110000
0000101001111101
0000011011111110
1111111001000000
0001000100111100
1111110010010110
0001101001101010
0001110000000111
0001110110001111
0011000000100111
0000110011000001
0010100100111000
0001010101111011
0000010011100101
0001101010010010
0010000000101010
0000100101101010
0000101010000000
0000111110100010
0001101001100100
0001010010001111
0000011100101100
0011001110000011
0101000100011011
0101101101111100
0100001100100001
0010001000001000
0011011011011101
0001001010101011
0001011110100010
0001101111110010
1111001000001110
1100111111000111
1110001011010011
1110110001011010
1111001110110010
1111110010000110
0000101001000000
0001110011100100
0000011101110110
0000100011110101
0000010010001011
1110110110101001
1111101011001111
0000010000110101
1111111010111100
0000011101011000
0001101111000010
0010111100100010
0010111100010000
0011100110110011
0000001001111100
0001101010010110
0000100111110111
1111000010101100
0000111101011000
0001010000101010
0000001111011010
1110110100011110
0000000001101110
0001001001000100
0000001000111010
1110101101000011
1111001110001010
0000111000010110
0000011010000000
1110110111100000
0001110110010000
1110101100000100
1111010110100000
1110010010011110
0000000010010001
0001110101000110
0000000000110011
1111011111011001
1110011000100111
1110101111110111
1100000011110110
1100100010000010
1100101001011011
1011110010111111
1101011010000001
1111000111011000
1111100001000001
0010100011111001
0001101011010001
0001001011011010
1111001011100011
0000010011101011
0000001101100001
0000000100010010
0000101001111101
1111101010011001
1111110111101111
1111000110101101
0001000110001001
0000110111000010
0001001101000100
0001011010101011
1110101011011010
1111111111010000
1110010111000100
0001001110010110
1111110111101110
1110010100100000
0000010111011000
0010001011001000
0011011110100101
0011000101000100
1110110010000111
0001100011111000
1111011100110011
1101110000101110
1110001001110000
1100001010110111
1110111010101111
1111111110101010
0000110100000111
0000110011000111
1110000011011011
0000101101101101
0000101101100011
0000101110110111
0011011110001000
0001010101010010
0000100110111110
0001001101101010
0001111111011001
0010110111100111
0010000001100100
0001110011110100
0000111101000000
0000110101111111
0001000011111111
0010000010010010
0001001101000000
1111010101001111
1110110100110100
1110110001111110
1110110011010010
0001111011001010
1111110100011101
0000001001101010
1111010011001101
0001000101010101
0000011011100011
1101100110010010
1100111011000011
1101100100100011
1011110010011101
1100111101100101
1111001011000110
1110011000011101
0000101110100010
0000101100111010
0000000100101010
1111110000000000
1111101110110110
1110001111101010
1111000000100011
0000111100010110
0100110110011110
0011100010110101
0000010000101000
0011000101001010
0010000110101001
0011001001100101
0010001111011001
0100110100101110
0011011110011010
0010000110111101
0010011101110101
0000101110010010
0010001011001011
0010101100010011
0010101001110101
0000111011101101
0000010000111000
0011011000110010
0001010001101100
1101101000010010
1011110101000010
1011110011101001
1111100011000111
1101111101110111
1110100101000101
0000101001101011
1110111110001011
1110100001110110
1101101010000011
1101001110111000
1101000001000111
1011011110010011
1101011000101101
1101001001111011
1011110100111111
1011011100101010
1101010110001001
1111010100010000
1100100110011011
1101110101111100
1101010111000011
1101001101111001
1110111010011110
0000100001000010
1111111101100000
0000010111110110
0000010011001110
0000010111100111
1111101011100110
1111100100100011
1111010110110100
0000001110111011
0000101011100110
1111011111010000
1110011100100001
1111101111010000
1100111011001010
1110111110111111
0000001100011110
0000011001101000
0000111110100011
0000000000010111
0001100001100110
0011001010111011
0000101011010110
0000101111010101
0000010100100011
1101111011001000
1111001001001100
1111010110110011
1101001010110001
1111100100010011
1111100010111110
1110111101000101
1101101100000010
1101010000011011
1110101000100001
1110000000100000
1100100101001001
1011000001100100
1101010011101100
1101111100101011
1110011011100001
1100010000001110
1100110101101000
1111011001100000
1110101110111100
1101011011111110
1101011011010101
1100001010110110
1101110111100100
1110101000101100
1101101111110100
1111001001011001
1111110010110001
0000011111000110
1111010111001011
0000010100111111
0000111010011011
1101110100011011
0000111110110001
1111101011000110
1111101101001111
0000000101101000
1111111100010101
0000010000111011
1111100010110101
1110011000100001
1111111100110001
0000010011110100
1011101011100111
1100000101010100
1101110001101101
1110001011101100
1110100000110011
1100101100101000
1100010000011100
1110100100110100
1101101011011011
1011101101101100
1100001001000111
1101111001001000
1101100000000101
1110000111101001
1110000001010101
1110111110001010
1101001011100000
1110001100010001
1101010001010011
1110111011000110
1101010101000000
1101111111111100
1100111101101100
1011001101100111
1100010011100101
1100100011111000
1110000000100010
1100011101010001
1101000100111000
1100000111111010
1011100101001111
1101001001000101
1011110101001101
1101100111111110
1110100110000111
1111101101001100
1111101100010101
1111101111111111
0000011001101100
1111000010010010
0000000010000111
1110010101111100
1101110001110001
1100101101110001
1110111001001000
1101100011100110
1011101101010000
1010111000010011
1011001001001010
1011000010010110
1011111010010100
1100011110110111
1100000101110001
1100000101001001
1100100001011001
1010111001011101
1100100111000010
1010111011101010
1100110110011110
1101000110001110
1111100110101100
1101111101111010
1110011101101110
1110110110000000
1101010000000000
1101011101011101
1111101000101011
1111010001110001
1110100000001101
0000001111111111
0000001010010111
0000011111001011
0000110100110100
0000000001000011
1101110010101110
1111101000011100
0000101000000101
0001011111100100
1111101110011000
1111101111100100
1111010111010001
1111010000000010
1110010010001001
1100101011101100
1111101101001100
1100110101011011
1100001110101011
1110110010100110
0000110101010011
1111000010001000
1100001010001100
1100000111001010
1101000010100001
1011010001011000
1101110001101011
1110101110000001
1110001101001010
1110000100111010
1100011100100011
1011111111100010
1011111110000101
1101011100100010
1011001111011101
1100001001101010
1101011111101110
1011010111001010
1101010010100111
1011010100111010
1011001010100110
1001101111000101
1011001111001010
1010000010011101
1010101110010101
1010011110001010
1100010110001000
1100010011111001
1100101011001110
1100001110000001
1100001010110100
1100001001001101
1100111011010001
1010110000011001
1100011000010000
1011111000000000
1100110010000011
1011001010111001
1100111001010110
1110100010011010
1111111010001000
0000100110101111
1110001000110001
1111111110101111
1110001111101110
1110000010111110
1111011110101001
1101000000101101
1100100010100011
1100011010100001
1100111100001001
1100000001100101
1100011111111000
1101110110110111
1100100101000111
1011100100010001
1101010110111101
1101111110100010
1011100011101101
1100101110110001
1101001101001101
1100111001111100
1011110110110011
1100101010000111
1011001101110001
1010100101010001
1011101100111101
1010101111000101
1010000010000010
1100010100101011
1101110101110100
1010110000111000
1011101111101010
1011011111100000
1110100011111101
1101011010000110
1011001111100001
1100101011000010
1011111001110100
1110100101000010
1101000100110000
1101000101110101
1101111100010011
1111011001000100
1100101011101100
1100101000111111
1100000100100010
1110010101011010
1110111001001010
1110000011011011
1111011000001100
1111110100101100
1101101110011000
1111011001111011
1110111011011110
1101101001001100
1110011011010000
1011011111101010
1110111111101011
