0000000001010100
0000000001100001
0000000001000101
0000000000001100
1111111111001110
1111111110100100
1111111110100000
1111111111000011
0000000000000000
0000000000111100
0000000001100000
0000000001011100
0000000000110010
1111111111110010
1111111110111000
1111111110011100
1111111110101000
1111111111011001
0000000000011010
0000000001010000
0000000001100101
0000000001010000
0000000000011010
1111111111011000
1111111110100111
1111111110011010
1111111110110111
1111111111110010
0000000000110011
0000000001011111
0000000001100100
0000000000111111
0000000000000000
1111111111000000
1111111110011010
1111111110011111
1111111111001011
0000000000001101
0000000001001010
0000000001101000
0000000001011011
0000000000101000
1111111111100100
1111111110101011
1111111110010101
1111111110101010
1111111111100100
0000000000101001
0000000001011101
0000000001101011
0000000001001100
0000000000001110
1111111111001001
1111111110011011
1111111110010110
1111111110111101
0000000000000000
0000000001000010
0000000001101010
0000000001100110
0000000000110111
1111111111110001
1111111110110001
1111111110010001
1111111110011111
1111111111010101
0000000000011101
0000000001011001
0000000001110000
0000000001011001
0000000000011101
1111111111010100
1111111110011101
1111111110001110
1111111110101111
1111111111110001
0000000000111001
0000000001101010
0000000001101111
0000000001000110
1111111111111111
1111111110111001
1111111110001111
1111111110010100
1111111111000101
0000000000001111
0000000001010011
0000000001110100
0000000001100110
0000000000101101
1111111111100001
1111111110100001
1111111110001000
1111111110100001
1111111111100001
0000000000101101
0000000001101000
0000000001110111
0000000001010101
0000000000001111
1111111111000011
1111111110001111
1111111110001010
1111111110110101
0000000000000000
0000000001001010
0000000001110111
0000000001110010
0000000000111101
1111111111101111
1111111110100111
1111111110000100
1111111110010011
1111111111001111
0000000000100000
0000000001100100
0000000001111110
0000000001100100
0000000000100000
1111111111001111
1111111110010001
1111111110000001
1111111110100101
1111111111101111
0000000001000000
0000000001110111
0000000001111101
0000000001001111
1111111111111111
1111111110110000
1111111110000001
1111111110000110
1111111110111110
0000000000010001
0000000001011101
0000000010000011
0000000001110011
0000000000110011
1111111111011101
1111111110010101
1111111101111001
1111111110010100
1111111111011100
0000000000110011
0000000001110101
0000000010000111
0000000001100000
0000000000010001
1111111110111011
1111111110000000
1111111101111010
1111111110101011
0000000000000000
0000000001010100
0000000010000111
0000000010000001
0000000001000110
1111111111101101
1111111110011011
1111111101110011
1111111110000100
1111111111001001
0000000000100101
0000000001110001
0000000010001111
0000000001110010
0000000000100101
1111111111001000
1111111110000001
1111111101101111
1111111110011000
1111111111101100
0000000001001001
0000000010001000
0000000010001111
0000000001011010
1111111111111111
1111111110100101
1111111101101111
1111111101110101
1111111110110100
0000000000010011
0000000001101011
0000000010010110
0000000010000100
0000000000111010
1111111111011000
1111111110000101
1111111101100101
1111111110000101
1111111111010111
0000000000111011
0000000010000111
0000000010011011
0000000001101111
0000000000010100
1111111110110000
1111111101101101
1111111101100101
1111111110011110
0000000000000000
0000000001100001
0000000010011011
0000000010010101
0000000001010001
1111111111101010
1111111110001100
1111111101011101
1111111101110001
1111111111000000
0000000000101010
0000000010000011
0000000010100110
0000000010000100
0000000000101011
1111111110111111
1111111101101101
1111111101010111
1111111110000111
1111111111101001
0000000001010101
0000000010011110
0000000010100110
0000000001101001
1111111111111111
1111111110010101
1111111101010110
1111111101011101
1111111110100111
0000000000010111
0000000001111101
0000000010110000
0000000010011010
0000000001000100
1111111111010001
1111111101110000
1111111101001010
1111111101101111
1111111111010000
0000000001000110
0000000010011111
0000000010110111
0000000010000011
0000000000011000
1111111110100010
1111111101010010
1111111101001010
1111111110001100
1111111111111111
0000000001110011
0000000010111000
0000000010110001
0000000001100000
1111111111100110
1111111101110110
1111111100111110
1111111101010110
1111111110110100
0000000000110011
0000000010011100
0000000011000110
0000000010011110
0000000000110011
1111111110110011
1111111101010001
1111111100110111
1111111101110000
1111111111100101
0000000001100110
0000000010111110
0000000011000111
0000000001111110
0000000000000000
1111111110000000
1111111100110100
1111111100111100
1111111110010101
0000000000011011
0000000010010111
0000000011010101
0000000010111010
0000000001010010
1111111111000111
1111111101010010
1111111100100100
1111111101010001
1111111111000110
0000000001010101
0000000011000001
0000000011011110
0000000010011111
0000000000011101
1111111110001110
1111111100101100
1111111100100010
1111111101110011
0000000000000000
0000000010001101
0000000011100001
0000000011011001
0000000001110110
1111111111100001
1111111101010111
1111111100010010
1111111100101111
1111111110100011
0000000000111110
0000000011000001
0000000011110101
0000000011000011
0000000001000000
1111111110100000
1111111100100111
1111111100000110
1111111101001101
1111111111011110
0000000001111111
0000000011101101
0000000011111001
0000000010011101
1111111111111111
1111111101100000
1111111100000001
1111111100001011
1111111101111010
0000000000100010
0000000010111110
0000000100001100
0000000011101011
0000000001101000
1111111110111000
1111111100100100
1111111011101001
1111111100100010
1111111110110111
0000000001101100
0000000011110110
0000000100011011
0000000011001011
0000000000100101
1111111101101110
1111111011110001
1111111011100011
1111111101001011
0000000000000000
0000000010110110
0000000100100011
0000000100011000
0000000010011000
1111111111010111
1111111100100101
1111111011001011
1111111011110001
1111111110000111
0000000001010010
0000000011111100
0000000101000000
0000000100000000
0000000001010100
1111111110000010
1111111011100010
1111111010110111
1111111100010011
1111111111010100
0000000010101001
0000000100111010
0000000101001011
0000000011010010
1111111111111111
1111111100101010
1111111010101011
1111111010110111
1111111101001101
0000000000101111
0000000100000000
0000000101101010
0000000100111110
0000000010001101
1111111110011111
1111111011010101
1111111010000100
1111111011010000
1111111110011100
0000000010010100
0000000101010010
0000000110000110
0000000100011000
0000000000110100
1111111100110110
1111111010000111
1111111001110011
1111111100000100
1111111111111111
0000000100000000
0000000110011001
0000000110001011
0000000011010111
1111111111000111
1111111011001001
1111111001001000
1111111001111100
1111111101010011
0000000001110101
0000000101101100
0000000111001111
0000000101110011
0000000001111010
1111111101001001
1111111001011111
1111111000011110
1111111010100100
1111111110111111
0000000011111010
0000000111010011
0000000111101101
0000000100111010
1111111111111111
1111111010111111
1111110111111101
1111111000001110
1111111011101111
0000000001000111
0000000110001001
0000001000101101
0000000111101100
0000000011011100
1111111101101001
1111111000101100
1111110110101011
1111111000100001
1111111101100001
0000000011101100
0000001000011101
0000001001110100
0000000111000101
0000000001010100
1111111010110110
1111110110010111
1111110101110010
1111111001011110
0000000000000000
0000000110101101
0000001010110010
0000001010011110
0000000101110000
1111111110011110
1111110111100111
1111110100000100
1111110101011010
1111111011001111
0000000011010000
0000001010001011
0000001101000010
0000001010100001
0000000011011111
1111111010101111
1111110011111001
1111110001111001
1111110101110000
1111111110000100
0000000111100001
0000001110001010
0000001111000111
0000001001101101
1111111111111111
1111110101110111
1111101111100100
1111101111111100
1111110111000111
0000000010010111
0000001101001010
0000010010111010
0000010000111011
0000000111101011
1111111010101011
1111101111001110
1111101010010001
1111101110010001
1111111010000010
0000001001000100
0000010101001010
0000011001000001
0000010010011100
0000000011100001
1111110010000001
1111100101001110
1111100010111100
1111101100111100
1111111111111111
0000010100101101
0000100010010110
0000100010011010
0000010011100011
1111111010101000
1111100001010001
1111010010011000
1111010101101010
1111101100000010
0000001110011101
0000101111101111
0001000001001100
0000111000011010
0000010100001111
1111011110101111
1110101011010100
1110010001001101
1110100011110011
1111101011100101
0001100001110010
0011110000111001
0101111001110011
0111011100001101
0111111111111111
0111011100001101
0101111001110011
0011110000111001
0001100001110010
1111101011100101
1110100011110011
1110010001001101
1110101011010100
1111011110101111
0000010100001111
0000111000011010
0001000001001100
0000101111101111
0000001110011101
1111101100000010
1111010101101010
1111010010011000
1111100001010001
1111111010101000
0000010011100011
0000100010011010
0000100010010110
0000010100101101
1111111111111111
1111101100111100
1111100010111100
1111100101001110
1111110010000001
0000000011100001
0000010010011100
0000011001000001
0000010101001010
0000001001000100
1111111010000010
1111101110010001
1111101010010001
1111101111001110
1111111010101011
0000000111101011
0000010000111011
0000010010111010
0000001101001010
0000000010010111
1111110111000111
1111101111111100
1111101111100100
1111110101110111
1111111111111111
0000001001101101
0000001111000111
0000001110001010
0000000111100001
1111111110000100
1111110101110000
1111110001111001
1111110011111001
1111111010101111
0000000011011111
0000001010100001
0000001101000010
0000001010001011
0000000011010000
1111111011001111
1111110101011010
1111110100000100
1111110111100111
1111111110011110
0000000101110000
0000001010011110
0000001010110010
0000000110101101
0000000000000000
1111111001011110
1111110101110010
1111110110010111
1111111010110110
0000000001010100
0000000111000101
0000001001110100
0000001000011101
0000000011101100
1111111101100001
1111111000100001
1111110110101011
1111111000101100
1111111101101001
0000000011011100
0000000111101100
0000001000101101
0000000110001001
0000000001000111
1111111011101111
1111111000001110
1111110111111101
1111111010111111
1111111111111111
0000000100111010
0000000111101101
0000000111010011
0000000011111010
1111111110111111
1111111010100100
1111111000011110
1111111001011111
1111111101001001
0000000001111010
0000000101110011
0000000111001111
0000000101101100
0000000001110101
1111111101010011
1111111001111100
1111111001001000
1111111011001001
1111111111000111
0000000011010111
0000000110001011
0000000110011001
0000000100000000
1111111111111111
1111111100000100
1111111001110011
1111111010000111
1111111100110110
0000000000110100
0000000100011000
0000000110000110
0000000101010010
0000000010010100
1111111110011100
1111111011010000
1111111010000100
1111111011010101
1111111110011111
0000000010001101
0000000100111110
0000000101101010
0000000100000000
0000000000101111
1111111101001101
1111111010110111
1111111010101011
1111111100101010
1111111111111111
0000000011010010
0000000101001011
0000000100111010
0000000010101001
1111111111010100
1111111100010011
1111111010110111
1111111011100010
1111111110000010
0000000001010100
0000000100000000
0000000101000000
0000000011111100
0000000001010010
1111111110000111
1111111011110001
1111111011001011
1111111100100101
1111111111010111
0000000010011000
0000000100011000
0000000100100011
0000000010110110
0000000000000000
1111111101001011
1111111011100011
1111111011110001
1111111101101110
0000000000100101
0000000011001011
0000000100011011
0000000011110110
0000000001101100
1111111110110111
1111111100100010
1111111011101001
1111111100100100
1111111110111000
0000000001101000
0000000011101011
0000000100001100
0000000010111110
0000000000100010
1111111101111010
1111111100001011
1111111100000001
1111111101100000
1111111111111111
0000000010011101
0000000011111001
0000000011101101
0000000001111111
1111111111011110
1111111101001101
1111111100000110
1111111100100111
1111111110100000
0000000001000000
0000000011000011
0000000011110101
0000000011000001
0000000000111110
1111111110100011
1111111100101111
1111111100010010
1111111101010111
1111111111100001
0000000001110110
0000000011011001
0000000011100001
0000000010001101
1111111111111111
1111111101110011
1111111100100010
1111111100101100
1111111110001110
0000000000011101
0000000010011111
0000000011011110
0000000011000001
0000000001010101
1111111111000110
1111111101010001
1111111100100100
1111111101010010
1111111111000111
0000000001010010
0000000010111010
0000000011010101
0000000010010111
0000000000011011
1111111110010101
1111111100111100
1111111100110100
1111111110000000
1111111111111111
0000000001111110
0000000011000111
0000000010111110
0000000001100110
1111111111100101
1111111101110000
1111111100110111
1111111101010001
1111111110110011
0000000000110011
0000000010011110
0000000011000110
0000000010011100
0000000000110011
1111111110110100
1111111101010110
1111111100111110
1111111101110110
1111111111100110
0000000001100000
0000000010110001
0000000010111000
0000000001110011
1111111111111111
1111111110001100
1111111101001010
1111111101010010
1111111110100010
0000000000011000
0000000010000011
0000000010110111
0000000010011111
0000000001000110
1111111111010000
1111111101101111
1111111101001010
1111111101110000
1111111111010001
0000000001000100
0000000010011010
0000000010110000
0000000001111101
0000000000010111
1111111110100111
1111111101011101
1111111101010110
1111111110010101
1111111111111111
0000000001101001
0000000010100110
0000000010011110
0000000001010101
1111111111101001
1111111110000111
1111111101010111
1111111101101101
1111111110111111
0000000000101011
0000000010000100
0000000010100110
0000000010000011
0000000000101010
1111111111000000
1111111101110001
1111111101011101
1111111110001100
1111111111101010
0000000001010001
0000000010010101
0000000010011011
0000000001100001
0000000000000000
1111111110011110
1111111101100101
1111111101101101
1111111110110000
0000000000010100
0000000001101111
0000000010011011
0000000010000111
0000000000111011
1111111111010111
1111111110000101
1111111101100101
1111111110000101
1111111111011000
0000000000111010
0000000010000100
0000000010010110
0000000001101011
0000000000010011
1111111110110100
1111111101110101
1111111101101111
1111111110100101
0000000000000000
0000000001011010
0000000010001111
0000000010001000
0000000001001001
1111111111101100
1111111110011000
1111111101101111
1111111110000001
1111111111001000
0000000000100101
0000000001110010
0000000010001111
0000000001110001
0000000000100101
1111111111001001
1111111110000100
1111111101110011
1111111110011011
1111111111101101
0000000001000110
0000000010000001
0000000010000111
0000000001010100
1111111111111111
1111111110101011
1111111101111010
1111111110000000
1111111110111011
0000000000010001
0000000001100000
0000000010000111
0000000001110101
0000000000110011
1111111111011100
1111111110010100
1111111101111001
1111111110010101
1111111111011101
0000000000110011
0000000001110011
0000000010000011
0000000001011101
0000000000010001
1111111110111110
1111111110000110
1111111110000001
1111111110110000
1111111111111111
0000000001001111
0000000001111101
0000000001110111
0000000001000000
1111111111101111
1111111110100101
1111111110000001
1111111110010001
1111111111001111
0000000000100000
0000000001100100
0000000001111110
0000000001100100
0000000000100000
1111111111001111
1111111110010011
1111111110000100
1111111110100111
1111111111101111
0000000000111101
0000000001110010
0000000001110111
0000000001001010
0000000000000000
1111111110110101
1111111110001010
1111111110001111
1111111111000011
0000000000001111
0000000001010101
0000000001110111
0000000001101000
0000000000101101
1111111111100001
1111111110100001
1111111110001000
1111111110100001
1111111111100001
0000000000101101
0000000001100110
0000000001110100
0000000001010011
0000000000001111
1111111111000101
1111111110010100
1111111110001111
1111111110111001
1111111111111111
0000000001000110
0000000001101111
0000000001101010
0000000000111001
1111111111110001
1111111110101111
1111111110001110
1111111110011101
1111111111010100
0000000000011101
0000000001011001
0000000001110000
0000000001011001
0000000000011101
1111111111010101
1111111110011111
1111111110010001
1111111110110001
1111111111110001
0000000000110111
0000000001100110
0000000001101010
0000000001000010
0000000000000000
1111111110111101
1111111110010110
1111111110011011
1111111111001001
0000000000001110
0000000001001100
0000000001101011
0000000001011101
0000000000101001
1111111111100100
1111111110101010
1111111110010101
1111111110101011
1111111111100100
0000000000101000
0000000001011011
0000000001101000
0000000001001010
0000000000001101
1111111111001011
1111111110011111
1111111110011010
1111111111000000
0000000000000000
0000000000111111
0000000001100100
0000000001011111
0000000000110011
1111111111110010
1111111110110111
1111111110011010
1111111110100111
1111111111011000
0000000000011010
0000000001010000
0000000001100101
0000000001010000
0000000000011010
1111111111011001
1111111110101000
1111111110011100
1111111110111000
1111111111110010
0000000000110010
0000000001011100
0000000001100000
0000000000111100
1111111111111111
1111111111000011
1111111110100000
1111111110100100
1111111111001110
0000000000001100
0000000001000101
0000000001100001
