0001010100001110
0001110101000110
1111000011010001
0000010010111010
1101011101111101
0010111111000111
1101100100111110
1111111111110010
1111011101110101
1101100011011010
0001000010101111
0010000010001010
0001101010111000
0000111011010000
1110110001001010
0000111111100001
0010110011100101
0011001110100111
1111111100011101
0000101111111000
0101101000010001
0011111101011101
0011101100000011
0100000000101101
0000001100000001
0000000011000110
0110001110000100
0000100011010111
1111011011001001
1100011101110010
0010001010000100
0010000110001011
0010010101111101
1110110100010100
1110010010100011
1111010001111101
0000110110100001
0001101111000011
1011000110011000
1100110101000001
0001101100011001
1100111111001110
1111101101001000
1111100100101111
0011011001111111
1111001011111000
0001110101111001
1111110001011101
1100100101010001
1111111110001101
0001101100101110
1111010000100001
0001011110110011
0000111011101100
1111100000111010
0001000100100000
0000001111010110
1110101000000111
1110100101110100
0000010001101001
0001010001101110
0010111110000111
1100010000100011
1110101111011001
1111011010011001
0001001111011101
1100111110111100
1110001110000111
1110110111101100
0001101011101001
1111110000110111
0000010110100111
1110000100000110
0000010110000000
0000000001101001
1110111111110001
0000010111001111
1101111101100000
1101100100011110
1101011110100100
1110011001001111
1111101000100110
1110101010100111
1101100110110101
1110100010010110
0100100010111001
1110100110011000
1101101111111001
1110110000111110
1101001111111010
1100011001101100
1110011001010001
1101110110011000
0100011111110111
1111111100000001
0000111101101101
1110010101011101
1010011011010001
1011000001111100
1110001010011000
1111000100010011
1110100000001001
1111011101110111
0001001110111110
0001100101101110
1100110101111101
0000011100000110
1100110000000101
1011101111101000
0000010110100001
0001110110011010
1101111011110011
0011011101101010
0011000101000011
0001011010000000
0011001001111011
1101111110100000
1010010010100011
1111001000110000
1110111010111110
1100010001100101
1111010011010101
0010001010011111
0000010001011111
1110100010000110
1110111000110000
1110111000000110
1111011110000001
1110111011111000
1100011010011011
1101100101101111
1110111001010011
0000100001010111
0001010000110010
0010010010000110
0001010100110111
0000010111010101
0001100111111110
0011011101110110
0000100001001010
0001100000010100
1101111100001101
0000001010110100
0001101101000000
1111001001100000
1111100100110101
0010110101110011
0000000101111011
1111000010100011
1111110110100011
1111101111011001
0010010101100010
1101101101101011
1110011101000000
1111100010110111
0001100001011011
1101001001000000
0000010100001011
0010011010001010
1110100010101111
0001010110010001
1110001100110111
0011011100011100
0000001101111010
1010111011011101
1111111101010111
0100001011101001
0001000100110000
0000101000001101
0000001001110001
0000111110011100
0011110011011101
0001010110011010
0001010101110010
1110110011111111
1011110000010001
1110111000101000
0000010101110100
0001101100010101
1010111100000001
1101001101101110
0000110111101110
1111001100101101
1110010011111101
1111001110101111
0000110110100011
1101001001011110
0011111100010010
1101011010011001
1111000010110011
1110010001001101
0000011010011001
1111101101111001
1110000111000100
1111111100100111
0011010110110111
0010111011100100
0001000011011011
0001001110100111
0000111101011000
1110100111011010
0110010001110001
1111001011101000
1110111001111011
0001010110011011
0000101110100010
1111010010011111
0100101100000100
1110011110010101
1111100111110100
0000011101101111
1111010111001101
1011101011110000
0001001010011010
1101111101000111
1101101010101101
0000001000101001
1101000011100110
0001110110101000
0001110110010000
0010010000101000
0000110001011001
0001001110010011
1100011000011100
0010000100000100
0000100011010001
0011111101110110
1110101010011101
0011010110111011
0000011101011110
1100100100111011
1111111110100100
0010100110001000
0010101001111010
0000110101001010
0000011000001100
0100110010101101
1101101100101010
0011101100101111
1011101110110101
1111111001001000
1011101011110000
1101111000001101
0011001100010010
1101011101000000
0011001111001010
1110011100000000
0001001000001010
0000111000101101
0001100101101000
0000001101111011
1111000011111000
1101100110101011
1111110000010011
1011111111010010
0001000101101100
1111010001111000
1101001001110001
1111010110100010
1110100010011000
1100110000000100
0010000010011000
1110111100100101
1100011000000000
0010011001101001
1110011000010100
1111100010100100
0100010100101100
1011111011111010
1111001000011110
1111001111011110
1111001101000010
1110101011001011
0010110010000101
0000000100001110
0001101010110010
0000100101000011
0101011100101000
0001111000100001
1111001100110001
0001000100001101
1011011000101100
0000000010111011
0010100100010010
1011100100011000
1110100111111101
1110101111001010
1111101111010000
0001101010001010
0010010110111011
1101001001001101
1111111001010111
1101111110111111
0011010100111001
0000011100110000
0010010100010101
0011000111101001
1111111010001011
0001011110101000
1011000000110111
0001111100011111
1101001010000000
0011010100000010
0000000010100100
1111100111001100
1111110010100010
0011011001100100
1110011101001101
1111110001001011
1111110110111110
0001100100000110
0000011100000011
1110101001000110
1110000010100011
0011101100100000
1110001111011011
1101101101000000
1110010011101000
1100000000100000
1101110000111100
1110110011010011
0001010111010111
1111100110000001
0001110100010001
1111110001110111
1101111111010101
1101010011001111
0000010110111110
1110010101111101
1111000001001100
1110000100001000
0011000100101111
1110111100101010
0001111010010110
1111101100100011
0010011011000100
1110110101011010
1111000110011100
1111010000010000
0010011011010010
1110110100101010
1101010111001110
0010000011010000
1111001000101111
0000011110010011
0001010111010011
0000000000100000
1110101100001010
1110101100001111
0000110100111110
1011111101000000
0001110100001010
0011001101101011
1110100000010001
1110101010111011
1110110001111100
0010001101111010
1011011000000111
0010100101001101
1111111011101011
1111001111110101
1110001000011101
1100111100101100
0001010101011110
1100010110100101
1100011000111101
0011011101100110
1111000101001110
0001101101110000
1101111111011001
1111110010000101
0010011111001011
1110100101110000
1111011011111110
1101011010001101
1111011110111111
1110101100101101
1111111110011001
0000011000101011
0010100011000110
1111111000100010
1111010000001100
0101011001010110
0011001111011111
1110010101101101
0001001110011110
1111110111001110
1111010001011001
0010100001100101
1100000110011110
1101111110011010
1111100111101001
1101100110001011
1011111111110001
0010110101111110
0001001111100101
0010000111101000
1100100110011101
0010110101110100
1111011111111011
1111000011001001
0001110011111011
1101010101101101
1110010010111011
0011110011101100
0001010001101101
0011101000111110
1110101000010110
1110110110110001
1110101010110101
1011000110110100
0000001111111101
1111100011110101
1110111001110100
1111110000010000
0001110111000000
1101011011011100
0010000100100111
0001101101100010
1111101010010101
0001100101100111
1110110011000101
0010101111001110
1101011101101011
1110110000101010
0011000001110000
1111000000111111
1010011110110011
1011110100000110
1101010011101111
1011100001111010
0001011111101101
0000111000011100
1110101110110001
1110000110101100
1111001010101000
1111111011011010
1110011100000000
0011000110011000
0100111010010000
1110111110110001
0010010001011110
0001000111101100
1100100101010110
1111001001011101
0000110110011010
1101110110100110
0001001001001000
1110110011110110
1110010111001100
1101100110100000
1110010101101100
1111000111111001
1111111010010000
1101100110010100
0010001011111011
1100001001101100
1110001011101010
1101101110100110
1101001110101000
0001001101111000
0001000011000100
0000110010000011
1100110101001100
1110110000111110
1100110101000100
0000000001011110
0000001011101000
1110000010000001
1110111111011011
1111001001100010
1111001000100010
1100101111110001
0010000011110101
1110110110011101
0000010101100111
0010010011101111
0100000100011011
1100101010110110
0000010101100100
0011001110010001
1111101101100010
0010011100000110
0001100000010101
0000110000101111
1111111010010010
1111000001111111
1100011010101111
1101010001000010
1111110111100111
1101010100000110
1110110001110111
0010100001011101
0011100001111111
0001010001111000
1110101001110100
0000100101010010
1110001101011010
1100111100110111
1100110111101111
1111110101000100
1111011001111011
0000000100111110
1110011011100011
1111110111000010
1101010010100000
0101001010100000
0000110000110010
1101011011010101
1110010010110011
1111100111010011
0100000010001010
1111001000010001
1111110111000110
0001101110011101
1110101000111101
1110001100000110
0001110111110111
0010001001111010
1101000100010001
1100110010011100
1111011001010001
0001001000001001
0010011110011111
1101100000010111
0000111111100001
1101110101011110
0000111111100000
0001111100111010
1100001000011100
0011101101011101
0000001000111101
0000101001001110
1011111101111111
1011011001000010
0010001101010100
1110010101010001
0000001100011011
0010000101111111
1111010011000111
1111110111111100
1101111100000011
1111110000100101
1110111110010011
1101011101000000
1111110000101101
0010101010110111
0010000001001001
1110011101111001
0000011110000001
0011101000000011
0001110100000110
0000001101010011
0011011010111110
0001101110101111
1111001101101111
0011110100101010
1111001101000000
0010000101001101
0000000000000101
0001110100000000
1101001000101110
1111111011100100
0000000010100110
1110110001000100
1111100111100101
1111110110001101
1111111101100111
1111111111110110
0001010001110111
0010101100111001
0011111101100100
0001000011011010
1010110111110011
1011110110000101
0011010111110000
0010001010101111
0000011110011011
1101110110111100
1111000000000100
0001110001110001
0000111011010010
0001000000110000
0001111001111100
1110111110010001
0000101101111010
0001000001111111
0000111011111111
0001001000010010
0000111000001010
0001100101010010
1110001100110001
1101000000000010
0010110010100001
0010000011110100
1110100100011110
0010100100110001
1110010011000000
1101100010000000
1111111011111010
1111010000100000
0000011001011101
0001010100000110
0011010100001110
1111111100100011
1110001000110110
0010110000110110
1110110100000011
1111011001110100
0000010100110111
1110010010000110
1110111100111000
1111110011101110
1110001111100011
1101110000101011
1011011101101101
0001000111000101
1101001111100110
0000011110100100
1100000101001111
0001011110011100
0000100011100000
0011001001010110
0000001001110101
0010010001101000
0000110001001110
1111110010100111
1110110000100001
1111100100111010
0001000000000111
1111101011011110
0000001111111000
0010101010011001
0000001111110000
1111110111011110
1110011010010110
0101001000101101
0010111110010000
0010111111101010
1101000011010010
0000100110100000
0010100110111111
1110100111011111
1111011011110001
0001111010110001
1100111100111000
1101110011010000
1110000011100101
1011010011000101
1111001101000110
1110111110011101
1111101100011010
0101000101110110
1101100101101000
1111111110000111
1111001100101000
1111011001101101
0011000010111010
1111001010100000
1101011011110100
1110110101100101
0000100000100011
0000000000101100
0000011010011100
0000010010001000
0100001011000100
0000011010100110
1100010110000100
1111100111011111
0100000010000010
1111100110100001
0000101000000001
0000101010100101
1110110001001001
0010000010100100
0011100000011001
1111100110100000
1110111100001110
0001101001000101
0000110001011110
1111001101010011
1111000000100001
1110001111110000
1110001000111110
1111101000000000
0000111011000100
1101001001000110
0001110100000100
0000000101111110
1110111101100110
1111011101010011
1101001000000011
0010011011101001
0010001000000010
1100111100110110
0000001010011011
1011101001010111
0010101001000011
0001111001110111
0000110101101000
1110110101010001
0000010000000100
1111110011001110
1100000001101101
0001010000000110
1110101001011100
1101000100011001
1100101000110000
0000101110000001
1110010010001010
1110100111001011
1111000111101000
1110010001000100
0010010011000111
1111110110101011
0000001111001111
1111111011010001
0000111000000001
0001110100101101
1101111010101111
1110001100010011
1100010011110001
1110100101100010
0010000101100111
1111000011111100
1111100010100001
1010010110101010
0000111000100101
1111101001100101
0001000101111010
0000001001110111
0010100000101011
0001111001101101
1111011100001110
0000011010010011
0010101111110101
1101001001000011
0001010100101111
0010101100111010
0001001000101101
0000010001111011
1110110001000001
0000010101001111
0000100011001010
0010010101100111
0010000001000111
1101000101111110
0001011101000000
0010100011001111
0011111100010001
0001100011100000
0000100011010000
1110011000011001
1111101010001011
0000100101110000
0010111010000111
1110101001111010
1100111111001111
1110000010111010
0001001011111100
0000011010010001
1111110010010010
1110110111000010
0010111100001100
1010101111011011
0001011011100101
1110100110110011
0010010110110010
0010001001111111
1110110011011011
1101111100010111
0100111110010001
1111011100000011
0010000010000000
0001011110111100
0010010010000001
0001101110100011
1101111000110111
1111010011000111
1110110111010111
0001101110001100
1110001111100100
1100111100111100
0001111000001000
1011111100011010
0000011010111010
0000001100111111
1110100011110110
0000011100000110
1110010011100010
0011101000111101
0000010110100011
0000001101111110
1101110011110000
0011010100010000
1110111000110010
1101110110000001
0100001100111110
0001000010111101
1111011000011110
1010100100101111
1110100001000001
1111101110001111
1101001111001010
0000110110000110
1111110011101101
0010001100000000
1011011111101001
1111101110000110
1101100001110110
1110000000111001
1111100111110001
0000101000100001
0000001100101010
0000110000101001
1111000011111110
1110001000101101
0001111001101110
1101001001011010
0010101110100101
0001010100111011
0000101100101111
1110011010111001
1111111100001001
1111110111101011
1101100000100110
0001101010000011
0101101010101110
0010000011000001
0000011111001110
0000001110011100
1111001001010110
1101010110001100
0001100010111001
1111101101010000
1110111000001100
0001001111101100
0011001100001000
0000111110000101
0011000110010011
1111010011110111
0010101011110100
1011111110001110
0000100011100000
0010001011010101
1111011011001111
1110010101100111
1101110101010110
0000100101001011
1010100111011001
1111000001011100
1100010100110111
1101111101111111
1101001110111001
0000011111110101
1110111111010001
1110010010010100
1111011000100000
1011011011011110
1111110111100010
1111100111101101
1100100100110011
1110011000111111
1111100101111111
1111001011110011
1101111101111110
1111110110011011
1110001010111110
1100111010111111
0001100100010100
1010111010111111
0000111111111001
0001101111011100
1100010110000010
1101010000110011
1101110100000001
1100111011100010
0000100011010111
0001000101100101
1110101010101101
0001110111111011
0100001100110100
1110010000000011
1101000001111111
1110100001111011
0000110001000001
1111010100110100
1111011001000100
0000011011111000
0000111111001000
1100100010010100
1111011100100100
1100100101010000
0011110010011011
0000010110101010
0001011000111111
1101111001001110
0010000100110101
1101011100001000
1111110010000001
0000110000000010
1111011010111000
1101000110000000
0000001111000001
0010000010011011
0100001111010010
1111000100101001
1110100101111100
0000101100100110
0010011000010101
1110100011011101
0010001010011111
1111110110011101
1010110101011000
0011110001100011
0000111001100111
1101000111010111
0001010000000000
1110000100000011
0000000000001001
1101001110110010
1110101000110010
0000000101011110
1110100100010010
0001110001011000
1110100010011000
1111010100001010
1111010110010010
1111000000011110
1111011000000000
1011111101111101
1111100010101001
1110000101001101
0001001101100100
0000011001000010
1011111000010101
1111000101001001
0001100110101010
0011000001110111
0000011001000111
1100000001010111
1111111001000100
0001010101010000
0001110010010010
1110101011110000
1110100011101100
0000101111111110
1110100110100100
0000010011000100
1111100010001101
1110000101001011
0000100101001000
0000010000010010
0001011010000010
0000110000100100
1110101111011000
0100001100010000
0001000010100100
1110101110111111
1111011110110000
1110001100001100
1111100110000001
1110111101100111
0001010111110101
0000011010111100
1111101101001111
1101110000000010
1111101010100011
0000010011110010
0101110010110110
1101110011100010
1111000111101111
1101111100001110
1111101011011011
1101010110100111
0001110110010000
1110011101000010
0001101110001110
0010000010101110
1111110000001011
0010111101111010
1110110101110101
0000101001100111
0001001000100001
1111100001110100
0000111010000110
0001110100000000
1111100101100110
1111100111111010
1110000010001110
0001111110010001
0000010111110101
1110111001100100
0101011111100100
1110111011100010
1100101101001000
0001000001111100
0001101100011001
0001011111110001
0010100001011010
0000111101000011
1111111010001100
1110100101111010
1110111111111010
0001010101000010
0000011111110100
1111111000010001
0010010110000100
1110000111011111
0010001101001111
0001100101100001
1110110011100000
0001111100000101
1101011110111010
1111101101001100
0001110101101011
0000100010000000
0000111001110110
0011101110000011
1111110010010101
0011110000010011
0001100110010000
1101110001001101
1110111111100111
1111010110101110
1100111011110000
1101010100111000
0101100000000111
1111000100100110
1111101101111001
0001000000000111
1110101101010101
0001101000111010
1011010111111110
1101101011010011
0010001000111111
0000111010010001
1110100000000111
0100001011000000
1111011110101110
1111001011101110
1111110001011101
1111111100100011
0011001011100010
1111110010000110
1111110100000001
0000010110101011
0010011101011101
1101000000010110
0001001101101011
0001010001010100
0000000101011011
1101001111111100
1110010011101110
0010000110101101
1110100110011110
0010001101101100
1110111101100100
0010001001010001
0001010111110101
0001010110011010
1110011011101001
1110100010011001
1111101001001010
0001110101110010
0001010100100000
0000110011100110
0000110010101011
1111111011111000
0000001010011100
1100000010110110
0001011010101000
0000110010101011
1111111110100011
0010000100011001
1111110100111000
1101101111011110
1110110001001111
1111110001001101
1111000100001011
1101001000110111
0000100110011001
1110001100011000
1111101010010011
0010100110110111
1100111010111110
0000101100101011
1101101101010011
0001101110100111
0000010011010000
1011001011100111
0001000111000110
0000100100100110
1111100101010000
0000100010010100
1111001100100110
0001001111001011
0000110000011000
1111110100111011
1111111001001110
1101111001111010
0010000000011010
0000110000011010
0001110101100010
1101101100110010
0010011110110101
1110100000111110
1001110101110010
0100010110011111
0001000001101011
1100011100100010
1100011000100011
0011010011111111
0011001010110100
0000001110001010
0000000110010100
0000100110011011
1110110011110101
1111101100001110
1111001111110111
1101000110110001
0000010110100110
1011101001110110
0010000100101010
1110010000010110
1110101010001100
0011100010010001
1111001010010111
0000101110001100
1111101010010101
1111011100101000
0001100101101101
1111010101110100
1111001000111101
1110111101011100
1110001100001010
0010000010001101
0001100010011111
0001100111111111
0000111100101001
1111000011101110
1110100010010111
0000110110010001
0011010110010011
0000011001110100
1111001111100110
0000000010111010
1110001100000010
1101010000001011
1101001010111000
1101110101111111
0100010010011001
1101110010001101
1110000010111010
0000010111000111
1100110000001110
0000011101110110
1110110110001010
1110110111001101
0000100001100100
0000010010010110
1101100001001101
0010011000000100
1101101001100100
0001011101101011
0001000000101111
1110100000111000
1111110000100011
1110100011001001
1100110101010011
1100000011011101
1100111110000110
0010110101010111
0000110110101010
0001101011010001
0000110110010111
1100000100111100
0001000111110011
0011010110001111
1111000111000111
0001011001101011
0001000011001110
0000101111010000
0011001100100000
1110100000001000
0010010001011011
1111011111101000
0011001001000111
0000001010011100
1111000100110101
1111000100001001
0011101001011100
0011001001110110
0010101110001010
0000100110111001
0101101010100100
0010110010101111
0000011110111000
0000100101011111
0010011111110010
0000011110100010
1011011101001010
1111110100001010
1111111000110001
0011110000000101
0000010100111111
1110111010110110
0010001100101101
1100001101100011
0011110001011110
0010001110001000
1111101101100100
0000011110110001
1111010011010000
1111100000000100
0000101111110000
0000011010111001
0010001111110001
1100100000101100
1101101110110011
0000001100110001
1111100111001100
1110100000101100
0011001010011011
0001010100110111
1110110100001110
0010001010110011
0001111111111101
1100011101001101
1111010101100100
1100010110011100
1110010111110011
1111000000111010
1101010111101100
1011100101011000
1110111110001010
0001101110000001
1101110000110000
0010011001000111
0000110010101101
0011100010011100
1111100111111011
0010001011100011
0000000111101010
0001111111011001
0001110101101011
0000111100100010
0000100011001001
0011001000101100
1101011000000010
1111101000110000
0000110100110111
0000000000100000
0001110011001010
1101000111111010
1110010011011011
0001010010101001
1110110011100000
1101111011001000
0001001010001001
1110001011100000
0000101001000000
0001011111111000
1110000111010101
1110100010111010
0000000010011000
1111110000111110
0010100000110000
0101011010101000
0000101001110010
1101111001011111
1100111001011111
0000100011100010
1111111100010000
0000111000001000
1111001100111110
1111010001111100
0010100000001110
1110100010100110
0010011011001001
1110000111011000
0001100000110000
1110011111101100
1111010010111111
1111011110011111
1110010010101110
1101110110000110
1110011111101100
1110010111111000
1110101001000100
1111110110010000
1101011101011000
0000111111101100
0000001000111111
0001000000011010
0001010010011010
1101000100111100
0000011101011001
0001100110010000
0000100101101011
1111001100001011
0011000100011110
0000010111110001
1101011001000000
1111000001011000
0001101011000011
1101101111011111
1110110101010111
1111111001001000
0011000111110000
1111111001101000
1110011111001000
1111100000001010
0000110010100110
0001010000001011
0010000101101111
1101100000111100
0000000000001101
1111010101111000
1101101110100001
1111101100001010
1011011001100010
0011010010011010
0100100000110000
1110011001101110
0110000010110011
0001111000101001
1101111011111001
1111100010010101
1111110101001000
1110100011011101
0000011010101101
1110100100100101
0000101101101110
0001000110011100
1101011110100000
1110011000000101
1111101011101010
1111111110011111
0000001010001100
0010000100101011
1110110100111000
1111100101101000
0010010100101110
1111010101010100
1101010001010101
1111000111011001
0000001110001111
1110010100101100
0000100110110010
1111100010111000
0011001001000001
1111010011010100
1101110000001110
1111011001100011
1101111010110010
1110010011110101
0000101110100000
0001111011111100
1111000010111101
0010100011101110
1111110001101011
0011001111011111
1111111000111001
0001011110011010
1110101111011110
0010100111001000
1110000011010001
1111001000011110
0001000100111101
1111111100011110
0001001010001010
0010011000110101
1100100110011101
1111101101111101
0000101101100100
0000101111100010
0010010101110001
0001001111111011
0001110001000111
1101111101011010
0100001101101010
1110000010110101
0010111001010111
1110010001101111
1011001110101000
0001010011001001
1111000101011010
0100110011010101
1100011111111111
0001011111111111
1101011001001100
0001100100101101
1111011010100011
0000001001101011
1111011001101111
0110000111001010
1011111101110101
1110100110101101
1011011011010111
0001011001101100
0010110111010001
1101001101001001
0011001100010010
0010100000101101
1110101001101100
1111001110111010
0010000000000110
1111110001010101
1111111000101001
1111001000101110
1100010010010110
1111000100011010
0001111100001111
0001010001001010
1110011001010110
1110001110011011
0000110010100001
1111010111101000
1111000110100100
1111100001011010
0001010011000001
1100110101100001
1110111010110110
0000011100101000
1110101010110010
0001010001000111
0011100101010111
0000100101110001
1110100000000101
0011001001101010
0000110101000000
1101010110010100
0010001011000001
0000110100010110
1110100111000000
1101100101101101
0001000101000010
0001100011001110
0001001010111000
1101000111000100
0010010000010010
0010010011110000
1110011000111010
1111101111100010
0001110001001110
1110100100001110
1100110010000011
1111000111010100
0000011010110011
1110110110000110
0000100000001110
1101011110111000
0010110111110011
1111101100010011
0010001001011100
0000011100010111
0000000010101011
0000101101010001
0000100101001000
1111000111101110
0101110000011101
0001000101010000
0010001101010111
0001100111101001
1100111111011001
0001100101111100
1111111111011011
1100100100010100
1111010101011100
1110010011111011
1111011011111100
0001011001011110
0001101110001010
0100001000111010
1111011100100011
0001111111100101
1110101011011110
1111010111011100
1011111110001010
0000100000110010
0010111111101101
0101000101111011
1101000110101001
1111010100101100
1101001100010110
0011110010000101
1100110000100000
0000010011001111
1101011101101010
0001001001110011
0000000001111110
0001101101001000
1101000110111101
0001101110110110
1110010001111110
1110101101011100
0000100110011001
0001101011101111
0010011000010010
0011001111011010
1110001111010101
1110100100101000
0010110001010100
0010110011100000
1101001111111110
1110001111000001
0001111001011011
1111100110111010
1111000101010011
0010111000110010
0001101100010110
0000100010100110
0011000110100000
1111010000001001
1101100010011000
1110000111000101
0001100100111111
1110110011010100
0001100010011111
1101101110000000
1110101010011000
0000111110101011
1111111100010011
0000011000111011
1110100111000100
1100111010111000
0001111110010111
0011101101000111
0000010011100001
0010000010110101
1110100000110111
0001100010100000
1111001110100010
0011100001011010
0000100111101111
1101011001100101
0001010111111011
1110111111010001
0000110100101011
1110111011100110
1111100111111010
1111101010110010
1111101000100010
0001101111001100
0010101111100001
1111010100100110
1111011011101000
1110111111111110
0000000000111001
1110111010110010
0011100110011110
1101010100011000
1101111011101000
0000101000001001
0010110001000011
0011110001000001
1110111000100101
1110011111000010
1110111011001010
1110001000010001
1101101010101000
1101100101111011
1111011000011000
1011101100110101
1011110011101011
0010111000110011
0010011000011101
1111001111100100
0011011010000110
0001101000010111
1101000111001110
1111100110000001
0000111110001011
1111010000000111
0001010010000100
0001011110000110
0001011101011010
0000001000011110
0010011110111011
1110100100110010
0100100001000011
1111101101110010
0001010100000001
0000000111011001
1111111111100011
1111010010111100
0001101110100001
0001001101101110
1110100110100111
1110110110110110
0010101101110110
0001000110111001
0001111101011000
0001110001111101
1110000111011111
0000011010011101
0000000101101101
0000111000011111
1100111000011001
1110110001101000
1111110010101000
0001000101101111
1111001011010011
0000001100001000
1110110000011101
1101111001100001
0001110101011011
1111100100011110
0010000100110100
0001010011111101
0000000110100011
0010001010111101
0000001110100001
0000000001000010
0010010011100000
1110110011000001
0001010001011110
1110011111110010
1100001010101000
1011010001110100
1101110101001011
1110010001011100
1111011010100100
0001110111010100
1101000000100011
1110100111110110
1011100011111000
1111100111000111
1110000111101111
1111101100110001
0011101011110101
1100100100001010
1100111111010001
0000011001110001
1110101101110101
1111011110110001
0010010001001111
0011011110110011
0000110000101011
0010011010001111
0000111111010010
1110001001001100
0010001101110110
0001100011001101
1110110011101010
0000011011010011
0010011001111100
1111101110100100
1111001110100000
0001111111001000
1111110011110000
0001110100001100
0010001010010000
0000100000000000
0001010100111110
0010010011001110
0011001110110001
0000111011110101
1101100100110001
0000100011000101
0011111010000110
1111111111000010
1111110000000110
1101100110100011
1101100110000011
0001010010010110
1110000000100101
0010110000010001
0001110001001010
1110001010001010
0000110101011110
0001010010000101
0000001100011110
0001001011000100
0100000000010000
1110100110101010
0001101000101000
0001000001000000
0000011010110010
0001001000110101
0010010010111001
0000110111100011
1110111010111011
1110110010000111
1100000011110101
1110111001100010
1110000001001010
0000111100011000
1110110100000010
0010110100110110
1011100010100110
1101111010001100
0000011000100000
1111001000001010
0010101011110100
0010111101101011
0001000110000100
0000000101001010
0001100001011011
0000110101001011
1110001010010100
0001110100010010
0000110111000110
0001010110000100
1101000010110100
0010001100100100
0001110000101010
1110100101110111
1100001011000000
1101110100011001
1010010111001000
1110101111100100
0111111111111111
0000110110111011
0000000001001100
0010010100111110
1110011111011110
0001011110001110
1101111110101111
0000111111000110
1111101011010100
0001000101101010
0001100011101000
0001101100100111
1110010110001011
1111000000001000
1110001011001101
1101111111111101
1101011110101100
0000010010011011
1011000111100010
1111101001110011
0010110010000010
0010100110010101
1101101000000110
0000110100001111
0001010011000110
0001101001111100
0000001101101111
1011110000011011
0000001000011010
0011111011001111
0001100001110011
0000011010100111
1101100111011010
1111011000110000
0001010011110110
0001101110111000
0000110100000000
1111110010001111
1111100100000101
1110110011001011
0001011101011000
1111101010101011
0001000101000111
1110111011001011
0011010101011100
1111111101010111
0000011100110000
0001010000000000
0000111000011001
1111001010101101
1100001100000100
0000011110000100
0001001001101000
0000010100010111
0000001000100100
0001110001010011
1110010011111001
1101110011110110
0000111110110010
0000101101100100
1110100111001110
1110100111000011
1110000111100110
1011101000101111
0100111110010011
1100010010000100
0001011110100101
0000011011110010
1100110010011111
1101100110000110
0001010101100101
0001011110000111
0001000011110110
0000111100111101
0000111110011111
1110100101000011
1101110111010101
1111101111001100
0000111111110010
1111111001111001
1111111100100001
0001100110010000
1111110010101100
1110100101000000
1011111001011000
1111000011000000
0001111001011100
0101100011100110
0000011011000111
1111011010000100
0001010010100100
0010111010001011
0010110000110011
1011111001100001
0001001001000111
1101010111100101
0001101100010011
1011101110111111
0001101001101111
1100010010110001
0011001001101011
1111100000110101
0000000010000010
1101100110010000
1110011110010101
0011100101001100
0001111010010110
1111100001100110
1101110001110011
1101011000010100
1110000101011111
1111000100101111
0000111001111010
1111010011100000
1111000011011110
1110010010110111
1101100110100000
0000100011011101
1111011000110000
1110010011111001
0000111111010001
0001110110101111
0010010111111000
1101111111000011
1110001110010111
0001101001100110
0001101101101010
1101110010111010
0000111101001001
1110100000101000
0001111000001110
1100010111010100
1111011011100111
0001010111000001
0001011110000101
1111000111111101
1110010010101100
0010010010101011
0001010111000010
0011111010100101
1100011111001100
1100010101110011
1101110001111101
0011010011100010
0001111100101010
1111011000000110
1110101010101001
0010000110000100
0011111000111111
1100111100001100
1101001110000100
1101110010110110
1110000101111011
1100111111001001
0001010111101110
0000101111101010
1101111100000001
1111100100110110
0001011101010111
0000101000111110
1111111100100011
1111010001001010
0000001110100000
1010011000100011
0000001010001100
0000001110111100
0101110001011011
0001111111101110
1111000100110110
0011101010100101
0010011011100110
0010110110001000
1110111000101000
0100000000000110
0001001001100000
0000110011010111
0001110100000100
1111111111011101
1101111110010100
0001000110101011
0001101110101011
0000110000011010
0001000101101010
1100001100111110
0000011001010111
1100101111011110
1111001010110111
1110000011011000
0000110011010001
1110010001010001
1101100100111111
1110110010111100
1101100110110010
0011011101011000
0000111101011110
1111001001100010
1111000001100000
1110010110001101
0001100111010101
0000111011101000
1101100010001010
1011010001110101
1110111111000011
0000010001001001
1110111110111101
0001011110101100
0000001011100001
1101111110010011
0000010101101100
1110110101010010
0010101110000000
0001001000010011
0000100010000010
0000001001111100
0001100011100011
1110001010101000
0001010100000011
1111010011100110
1011001101010101
1110111100001001
0000011010001101
0010110010100101
0001000100010100
0000111011111101
1110010000100111
1110111011111001
1110010111011101
1111011100000101
1101011010011100
1111110011000000
0000001001000000
0001101101001000
0101010001100100
1110001101100100
1101011101100100
0000000101000001
1101100000101101
0001101000100110
1111011111001011
0110010101110000
1101101011111111
0000111101111101
0001111000011010
1110101111011110
1101101110001111
0000110010111011
1100000111000111
1111100101101000
1110011010100111
1110011000001111
1110000000000011
0011011010010101
1101110001000100
1111001100010010
1100111101111111
0000001001000001
1110101101011010
1110001101101010
1110000101101111
1101110101110010
1101101011000010
1111111001001011
1110111011111010
0001111001111010
1111001000110110
0001110101011010
0010010000101101
1100111001100101
1110011101101010
0001000011010100
0010001000001110
1110011111000110
1111011001100100
0001000001010100
1111000011010001
0100110000101011
0000101100011000
1111010000111000
1110001101000101
1101001000110110
0000011100001010
0001010001110111
1101110110011011
1111001000010001
1111010110111110
1101110111010001
0000010001010010
0000101010011010
0000111111001110
0000010100011000
1111101101010101
0001101010100101
1110110100111100
0010100011011001
1111001111110011
0001010111001010
0010100111100011
1100111101000010
0000100111101000
0001010110011101
0000110011000111
1101011111100101
1010111010000001
1110100010010001
0010111011100110
0000011001101111
0001110000011011
0100101010111010
0000010101100011
0001000100110000
0010011110110100
0010010001110111
1100001100000100
0000001011110110
0001110111101101
0000001110110010
1111110111010101
1111101110101110
1111100000000000
1011001100001010
0001010001101101
0011000110101100
1110111101101001
1110000011111101
0000001110101101
0001011000001101
0100001100101100
1111011110110000
1101100101110010
1111111011011001
0001011101001110
1110110110111011
1101111101010110
0000110101100110
1100001110001100
