0000111000111001
1111000011111000
0001000001111001
0100011101010000
1011101010111110
0010011000000000
0000011111110110
1111101110111100
0001111110111000
0001101000001001
1001100001001101
0011011001110110
0000010100110100
1111111010001111
1111100000111110
1101100111110110
0010010110010100
1100110110010100
0001000101000010
1111110000000011
0000010100101011
0010010000010011
1101001101000110
0000101011001011
1110110101100101
0000110101001011
1101101110100111
1100101111000010
0000001010011100
0011110000111110
1100010000111110
0001100111100100
1110111001100100
1110111011011110
1101100001000100
1110001111111010
0001001011011100
1111100011110111
1101010111001100
1110101101010101
0000010111001010
0000100001111000
1100110110000110
1110100111100011
1110000101011001
1101001011011001
0001000101111001
0010100101100101
0011010111110011
1110001111000110
1111001000100011
0000111101010011
1110001101101110
0000101000110010
1111101110110110
0011110010101110
0001101000100000
0000000011101101
0010101011001001
0001010101010110
1101011100000111
1111000001000111
0000110011111100
1100100000010100
0001010100011010
1110000101011101
1110101000101011
0101000100011101
1111011001001010
1100110000011000
0000110101000000
1101111000010101
0000010011100100
1100010111010110
1011101100111000
1111110000000000
1111110000110010
0001001100110100
0001111010110111
0001000000000001
0001101000100100
0001001100100000
0000010111100111
1111010100010001
1111010010101010
0011000000011010
1100011001000100
0000101100110100
1111101001000101
0000101111111110
1111101101110010
1111100001100010
0001001111010101
1100011100000110
1100010101110100
0000000001100110
0010000001110011
0001100101001100
1011011100100100
0000101001011000
0000001100000101
1011111110101011
0010100101101110
0000111010100001
0000111101010011
1111011001111001
0001000111010111
0001000110110100
0010100001001010
0011010000100111
1111111100101111
0001000100001110
1110101000110000
0010100100011010
0010001110001010
0001000001100101
0000110011000011
0011000010010000
0001101001010111
0000000101010100
1101110011011001
1110011110110000
0001100001001010
1111010000100011
1101100001101110
1101111111011111
0001001010001011
1100111010001101
1111101000101011
1100001100101000
1101100011010100
0000001101111110
0001011000001111
1111100000001000
0000100110010100
1101110111001011
1101011111011000
1101100011010001
1101100000111110
0001000111000100
1111100001111101
0001111101011001
1101010111100101
1101010110100010
0000000001001110
0010001010101100
0001110001101111
1111110011101011
1110110100110001
0000011100110010
0000000010101100
1111001101001000
0000000000010011
1111010000100101
1100100111010001
1110110101010011
1111001110100011
1111111101101101
1111011101010011
0011001001100101
1110111010000100
0000101101000000
1110111111111110
1110011111000010
1101010100111011
1110110100011101
1110010010010001
1100111010001100
1111110111100100
1111110001011110
1110101100011000
1111010011001100
1110111000000000
0000111010111001
1100011100110010
1111011001111000
0011011010011100
0001001101011110
0010000101010110
0000100100001111
0010101001001101
0001001011100010
0010111000100010
1111101101001010
0010100101111100
1111000000011011
0000110000100100
0001001111110110
1100001001110101
0000010111101111
0001111101001001
0000001011101010
1010000001010110
0000100011100010
1111100110111001
1100110110010111
1110100000100101
0000100111100111
1111010111001111
1110110111101111
0001111000011000
1110110010110011
0100011110010001
1111001011010110
0010101110001001
0000111111011001
1111001111111101
1101101101110100
1110100111110001
1100111001011100
0000000010111111
0001001110011110
1111010011001110
1110100010110011
0000111010000101
0100011101111001
1110011111001101
0001110100011111
0010101100111011
1110000001010000
0001011001111000
0010000101001110
1111011010011010
1110010001110000
0011001010001000
1101110100101101
1111010001011100
0000000111000000
1110000100100111
1111101010001000
1111011001001011
1100100100101011
1110101001010101
0000011110111110
0000011010010110
0010000001010010
0000101000010010
0010100110000101
1111001001100100
1110011001100010
0001011111100000
0000010011101011
0001011000011110
1101011001100010
0001011111110010
1111110001010001
0000100101111000
0000010001001001
1110111010110010
1111110101100101
0011100100001111
0000001001011000
0001110010111101
1110001111011110
0001001110100101
1011111111000110
0000101101110011
1111001100011011
0010000001010001
0000001110110001
0011100101011100
1100111101100111
1111111111001111
1101101010000010
0001011000100011
1100110011110001
0010011100101010
0000011000011100
0000011110111000
1111010001111100
0000101010011110
1110000110111100
1101110010110010
1110101110011100
1111000101011001
1111001010010001
0001110111001001
1110011011011000
1101101110011100
1110010100111010
1110001110010000
1111001100010010
0110011100111010
0000011110010011
0010001101110010
0001111011010111
0001000101001010
0000100000001101
0010001000100111
0001000101010000
1111010111111101
1111100000101010
1111110011001001
1100110000000001
1111100011100010
0001001110011001
1111101110000111
1111000001111011
0011000110011100
0001100001010001
0000111001011000
1110110000011011
1111010000110100
1101100001010011
0000110000010010
0011101011101000
1111010000101011
1101010110111001
0010101101001011
1100100011001000
1111100100111110
0000111110111010
0000101111001101
1110010001000001
0011110001001101
0010011100101011
1100100101101001
0000111100011010
1110110111100000
1110011000010100
1111001001101100
0000111101001000
1101001110010010
0001011100010100
1110111010001110
0001010010001110
0001010101110011
1110101101100010
1111111110001010
0000000011100000
0000001001011110
1110111011001101
1101011011100101
1110111000110010
0011100011011010
0100000111000001
0001011010011001
1110010001011101
1111111100111100
0001011101011010
1111100101110110
1101101101111000
0000001001000111
1101011111001100
0001010011000100
1100101101100101
0000001111011011
0011001011111101
1010111000001101
0000010001110010
0010001001011101
0000111010110110
1111011010100000
1101001001100101
0010010110101010
0010111010101100
0001111011000000
1101101111011001
1110100000110110
0001000000000010
0001000100010100
0000010011011111
0010001010000011
1111110110101010
0001110010001011
0100101001110100
1110111011001000
0001000000100010
1111001111101010
0010001100001111
1110110110100010
0101000110110111
0000110110011010
1110111001101100
0001101010110101
1111101110000111
1101001011000010
1111100000011111
0011101010001110
1101110011000100
0001100000111011
1110001010110101
1111101101010001
0001100010011000
1111010110100111
0000000100010011
1111101110101001
1100101101101100
1111110010110000
0001111011110010
0001011010010100
1110101010101000
1110101111000100
1111000110110111
0010011111011010
0010101010011100
0001000110011001
0010100110101110
1110000111000110
1111011011101010
1110000010000010
0001110100110001
0000100010111110
0000010011011011
0110001101111111
0000110101100100
1111011110010110
0000011001101010
1111010110100110
0010001101111101
1101001010000111
0011010100011101
1101110011110111
0000011001000000
0010100000110011
0001101101010111
0001101110001010
1100110100100001
0010000000101110
1100100010100111
1110100001001010
1110001001101110
1101110000011001
0001111000010001
0010101110010111
0010010000010111
0000101100110111
1110010011110110
1111001001100111
1111011110110111
0001011000001100
1110111000001010
1111010010000010
0010001000011001
0001100110001101
0000101101111110
1110011001110110
0000001111001110
0000010111010010
0000111011001101
0000110000010111
0001100101000110
0010001101001111
0000101011011110
0000000000100100
0001111011100100
1100111001010001
0001000000100010
0000101011010001
1111000100001000
1100110100111001
0011110010100011
0010000010001111
0011001110010001
0000111010011010
0000111101001010
0001011100100111
0000110110001010
1101000110001000
0010000100010010
1111110011111100
0001111111011110
0011101010100100
0001001011100001
1110010110110000
0000001110100011
0000011110011101
0000100101111000
0010011001000000
1111101111010101
0100100100101111
0000000000011001
1110000001100001
0000111010000111
0010010001100000
1101010111100101
1101000110011110
0010111011010011
0001000101110100
0000011000001101
1111110000010111
1111010101110010
0001100110000010
0011000101010111
1111000101000001
1111011000111001
0000101100011000
1101100101111100
1111111100011011
1111111100100000
1101100110101011
1111100110111111
1100100111000011
0100001110011101
0010110010001110
1101100111001010
1101010110011000
1110000110011111
1101100100000011
0100101000001011
1111100010001111
0010010011001000
0001110100101100
0000110100011110
1101101110111110
1111010000101101
1111001110011010
1110010010100010
0000110100101010
0000110010011110
0010011100101100
0000100100110001
0001001100001110
1111101100111110
0000110111001110
0000110100011010
1110101001110100
1111110001100110
1110100111000110
1111101101010010
1110111100011001
1110000110101011
0000100010010010
1110110001000101
1101100000001011
0000010001011000
1111110100111110
0000101110100111
1111111010000111
1111000111101111
1101011001111110
0001100001110011
0000000110011100
0010000011111000
0000000100011110
1111011000100100
1101111110101111
1111111100000100
1101011001000000
0000010001110011
0000111110011001
0000000101101110
1110010010011000
0000111111001011
0001010010001100
0100000001011110
0100111111101000
0010011111110110
1110010100101100
0010111011101101
1111111100100001
1111111101010000
0010111001010100
1110000110100011
1110101110100000
1111010000110001
1111011111011010
0001100011101100
0001001010011111
1110001100011010
0000110110000000
0000111110010001
1111100010101101
0001001111011111
1111111011111100
1111011100010011
1100010000011011
1100100100001000
1111100111001100
0001100110011101
0000110101010001
0010010010011101
0010001000100001
0010001001000000
0010101001101001
0000010000001100
0001110001010100
0001000001101011
0010011101000001
0000000110001100
0000011110001011
0001011110001011
0010011111100000
0001101100000000
1111111110011011
1101100000110000
1110110100111100
0000001111111000
1011110001000011
0010111111000110
1110110001111111
1101110010101011
1101111110100000
0010101011010111
1100101100000101
0101101101100001
1111000011001100
1111101101101001
1111111010110101
1110010110000101
0000101010101110
0010000001110011
1110000111001011
0000101001110100
0000001101010011
0010010101110100
0000111100010011
1101000010001101
0001000100111111
1111111011001011
0011011010111100
1100000101011011
0010111000000111
1011101111000101
1100110111011011
1111101011011111
0000101110000110
1111111011011100
0011010011000010
0100011101011011
0000111011111000
0011000001100001
0010110010100010
0000101100111010
1110101000101111
0000111001101010
0011010000101111
1110101000011110
1100000101100110
0000111111111010
0001111100100010
0001001001010000
0000000001111111
0000111001011011
0000100010000000
1110001101001010
0100000110100110
1111111101001001
1110101101010001
1110000011110000
0001000100111110
1101111101110101
1111101111001001
0011101101001101
1111011100010000
0000101000110101
0000001010100010
0000101000101110
0000000111101111
1110101000111111
1100111001010000
0001111111100111
1111101011001101
0000101001100100
1111111000101011
1110110001000111
0001101111011000
0000111110010111
1100010111010111
0010101100100111
0001101101111101
0000001010111110
1110010111011111
1110100111100000
0000111111001000
1101100011011000
0001011101101011
0001011011010001
0011000011011111
1110101101001001
1111000100110000
0000011111001001
0001101001110000
0000101111100000
1110011011011011
1111101100100101
0100010111111101
1100111100010100
1111001100101111
1101010011000111
1111001001010100
0001011110101101
0010100110011100
0001001100111011
0010000101101011
0110000111110110
0001100101110011
0011100101111111
1010110010111000
1111011001011010
0001000000000000
0010001010011111
1110101101110011
1101101111110010
0000111000101100
0000011111110101
0001010010101110
0010010111100011
0100101101010001
0001111110101110
0001100101101000
0010011110000101
0000100100001111
1011001010110110
0010000000000001
0000001010010000
1101111111110111
1101000001001001
1101010110000001
0000010001100011
1111010001000010
0010101011111111
1110011011100000
0001001001001100
1111110000000011
0100101110010000
1111110001111100
1111100100100000
1101111101001101
0000000100100001
0010010110110011
0000000100001111
0010000110101110
0000110101110110
0000011101101100
1111100000101110
1111111000100010
0000101110010000
0011100101001100
0000011011001111
1101000011000011
0010001000111010
1111110011110110
1111101011100100
1111111110000100
1110011000001000
1110000000101110
1111111100011101
0011011111001100
0001000001100110
1101011010111111
0000011111000111
1110000111001000
1111001001000000
1100011100110110
0001011110111110
0001110100100011
1110000011001010
1110100000001111
1100001110001100
1111000110111010
1110111101110101
0001011110010001
1111101000010110
1100100100000100
0100000011010010
0011010010110010
1110010111010101
0000010110111100
0001101101001101
0000000100111001
0000110110101010
0001111110001011
0010000100010001
0000111100110011
0001010001111010
0000010010000001
1111101101011010
1111110100010011
1110111101001001
0001011010100001
1100101110111111
0010001010001101
0001101000000011
1111011101011011
1100100101110101
0000011000110111
0001100000110000
0000011001000001
0011110100010101
0010011100111100
0000111000010100
0000101001011011
1110000111000011
1110010010011101
0001110010110101
0000101110110100
1101001101001111
0100100100101100
1110100101111100
0000010010101111
1001010110111101
0001001010011101
1111100111100111
1101010010010000
1110110101011011
1110111111100110
0010100110101101
1110001010100111
0001000000010010
1101010011110111
1110100100110101
0000100010001010
0010010111100001
0000011011111011
1110011110011011
1101010000101001
1111011011111110
1111001100100001
1101000001010101
1110000001111110
1111111000001100
1110111110011101
1110011110001011
0011001110000011
0010000001110001
0000010001101111
0010111011111011
1111010101000011
1110110100010000
1111110000111001
0001101001110110
1111101100101010
0001100110101010
0010001000110101
1100100111101110
1111010011000001
0000100100101010
1110000101111000
0001000111010111
0010110100010001
0000110000011100
0001111010001011
0010011001110001
0001011111000001
0001011111110010
0000001101100010
1101010001100111
1110110000100001
0000011100000111
0001011101000101
0000011010100000
1110101000110100
1110000011100001
0010000111011011
1110001001001000
1110110000110011
1111000001110100
0001010001111110
1110101110010010
1110111011100010
0010111000101000
0000000110101111
0011000011101000
1101101110101100
1111100110011110
1111011100100011
0000110110010011
0000000011100001
0001110011001110
1100101001111101
0000001101110111
0000110101101100
1100011000111000
1101011100111111
1110111110111001
1111010100000111
0000011010101010
1101001010000111
1111100100111101
1110000001011100
0000110100010110
0001011100001011
0100111100111001
0000000010001001
1110100100010000
0000100010111101
0000011110001111
0011010111110101
1110111111000001
1111100010010110
0000100111000001
0010000010001100
1111110111110111
1110111101011011
1101111100010111
0001001101110100
0011100101000010
1111001001011010
0100110101010111
1111011000001111
1111010110011010
0011110011011101
0010011010000001
1101110011100000
0000000111010011
0000110011100001
0001100001110011
1101101110110110
1111000110011101
1111001010010001
1111011101000100
1111101101101010
0000111111101100
0001000011001011
1111000101001010
0010010011011111
0001010011110110
1101001111111101
0001000011011001
0001111010110010
1100101000011101
1111000110100010
0000011011010101
0110000000010101
0101011001100101
1111100001110101
1110001111010011
0010000011100000
0000000001000100
0001001111100010
0000010011101000
1111011000110101
0010110110101110
0010001101010011
0000110011001110
1111010100010101
1110101000011101
1111110111010011
0000101010110011
0001001010111111
0001101010101000
0000011011111001
1111100101101111
1100000111111110
0001000110110111
1111101010101100
1101111110011100
0000110110010001
1110100001101000
0000000000001001
1111100111001110
1101110000111010
0000010001011100
1110010000001101
0001100110100111
0001110011101011
1101100000111010
0000101101100010
1110100101101010
0010011101010010
0010110001100110
0000010000101000
1111001001011101
0000001100111111
0010000011101010
1101010001100111
1110001101100110
1111010000111100
1111011101011001
1111101110100111
1110111010010011
0010011011001101
1111100010100010
0000100010111111
1110100110010000
1100100110110011
0010010001011110
1101010000001100
0001111110111100
1110010111100011
1111000100110101
1110011010111011
0000001100110010
1111110011100111
1111101010101111
1101001000101100
0010001110000100
1100011101011010
0001110101011100
1110101001011111
0010000101011101
0010000110111011
0100000101111110
1101010111011011
1101111100011110
1100001001010010
1111001011110000
1110100100110100
1111010010010000
1110011001011111
0001101111010110
1111010000010100
1110101100010101
0011101100000101
0000000111011001
0001010000011101
1111000011001000
0001100000011110
0001101000000000
1111011111000001
0011101100000110
0001101101100011
1111011000001010
0000001101111111
0000111011001000
1111111001101110
1111100100000100
0000100101101001
1101111011101001
1111111011111011
0001100100000010
0000110110111100
0010110010110011
1101111000010001
1100000110011110
0001100001111011
0011010110110000
1110010010010011
1110101000111011
0001000100011100
1111100001100010
1111001011010010
0010100000101101
1101000000001011
0001111001101001
0001110110100000
1111110001110010
0001010001111000
1100011111101111
0000110000011101
1111110101011010
1100110001100111
0010001110000000
1111010110111111
0000111110111100
0001100110011100
0000000101101001
1011001000111101
0100000011110111
0001100110001001
1110011100110011
1100101111100110
0010010001011011
0001011001011101
0010011101001011
1101100100010000
0000010110001101
0000011101101110
0001101100101100
1110010010110100
1110111010000101
0001111100100001
0001110100001001
1100111111011001
1101111100000100
0101000101000111
0010011001101100
0010100110010100
0001100000101110
1110101001000010
1101001111111001
1111101001110011
1110100101101111
1100011011100110
0001000110100111
1111010010111000
1101001001011101
0011100010101111
1111100111101000
1101111011111000
0000111111000100
1111000011011101
1100111011001101
0000001010000101
1110010010100010
1100110011110000
0000111010110011
1101101001100101
1111111110110101
1101111111010000
1110100001110100
1111000001100001
1110011000110001
1111010011001001
0011011101010100
1101101100111010
1101101110100100
0000101101000111
0010010011000100
1111100101001010
1100110110010100
1110001100001110
1011010001001111
1101111011101110
1101110010010001
0000011011000011
0010111001100010
1110100100000110
1101010111001100
0000101101111100
1110111111000101
1111111111001111
1100111100001100
1110011110111010
0000100110110110
0001110000111000
1111010100100010
1110001010111011
1111110001111101
0010101010101111
0001100111110100
1110101110101001
0001011001010011
0010000000010010
1111111010010011
0001110011000000
1101110011010000
1101000011101011
1110110110010000
0001110101110101
0000111100110110
0000111001110111
0100010101101000
1110001101110101
0000000101101011
1111000101101110
1101010100010110
1101101111110110
0010010100000111
1111110111100000
1101111010111001
1110011010000101
1111011000110111
0000110101000101
0011010110000011
0000011110011111
1110001010000000
0001100101110111
1101010011010100
0011110110001010
0010110101010000
0001010011010001
0000001111101001
0000110010111111
1101101001110001
0011110111010010
1111100101000011
0010001110101100
0000001101010100
0001000011001111
0000111111101000
1110101100110100
1111000100100001
1111100011010100
1110001010100101
1101101101100101
1101100100001110
0001100110101000
0000001001101011
0010111011001000
0001001100000010
1110100001001100
1111010000001010
1111010100010100
0001100000111111
1100001100101100
1011111010010000
0000010101001001
0000001110111001
1110101110101111
0010111100110110
0011101001111111
1111101110000000
0001100110101110
0011100110011110
0001110011111011
1011011111011011
1111110000011101
0001000000111100
0010000100000011
1101110110010011
0011001011000111
0000001001101010
0000001000110001
1110111010100010
0010010100100110
0001100011011000
1101111111101111
0001111101001111
1110100111001001
1110111010110000
0000010110111101
1101000001000100
0001100101000100
0000011011000101
1111001110000101
0001110011011001
1010000000001111
1111000111011010
1111001010011100
1110010100100110
0001101110000010
1110000110110110
0001010111101001
1101110010011010
1100000001011100
1101101100111000
0100000101011001
0000101001101000
1110011100010000
1111011010011100
1101100100011100
0010000110000101
0001101100010011
1100011111110000
0001010011110010
1111010001101111
0011011011111001
0000011100111010
1110101010001010
1110110010011110
1111001010000010
0100110010011010
0001011110010110
1111000010011111
0000101110111101
1110100101011010
1110010000110010
0011010100110010
0010010100111000
0000000001000010
0001011000011010
0000010110100101
0001100001110001
1101000001000101
1101010000100011
1101111100011110
0010101001101010
0000001110110101
1110100101110110
1101100011001101
0010100110000110
1111110110000001
0001011101110111
1110101100101101
0000001111011000
0000001011110111
1110101111011111
1100011010101000
1111010101000110
0010100101011011
1110011010110101
0000110010010110
0001110111110001
1101001100001101
0000100011101111
1111011000011000
0000111010011010
0010101010111111
1111110010110010
1111001001000010
1110000000110010
1111110011011010
0001110110000111
0000001011000011
0010000011101101
0100001010001011
1111110011000011
0111111111111111
1101010100110001
1110010110010011
1011001001011101
0010110001000101
0011011010010001
1101110011010110
1100111110010000
1111110011100001
0001001101011110
0000001111001001
0000110111101110
0000011000011010
1100000010011110
0010010010001111
1110100000111000
0010011011010110
1110111011011000
1110110010110100
0001101001000100
0010110101010110
1111111001101001
0010101101000000
0010100110100000
1101100101101011
1110011011011101
0001100110111011
0011001011011111
0000001111001010
1111000001010110
0010110011100111
1110110100110110
0011110010010110
0000101010100101
1101011111000010
0100011000101111
1100110110001110
1111100100110100
1111011011001011
0000011110100011
0001100011101111
0010100101000001
0000101010111010
0010100110100011
0010011111111101
0011011101001111
1111001001111100
1110100111011010
0000011011110000
1101011010100010
1110011010001011
0001000011000101
1101111000111110
0001100011110111
1110100100001101
0001101011100101
1101110001000001
0001101110010011
1111001011010110
1110111010010110
0010110100100111
0000011010111001
1100001110010000
0010000011001010
1111000101011011
0001000010010010
1101100001110101
0010100111110110
1101011101100100
0001111001000111
1111101111011111
0001110101011101
0011100100111010
0001110111101100
1111100010001110
1111011111111110
0011110001011101
1101111111111011
1001100100111010
0000001001111000
0000011010111110
0000111001110011
0000001111011100
1100010110011010
1111001100101111
1111011111000101
0000011101111001
1111011000000011
1110000101111100
0000111010000001
1101000010101111
0001011010001111
0011001110000001
1111110100100100
1111100110111000
1111100100100010
0000000001000110
1100100111011001
0010011110010011
0010000111111110
1111101111010100
1111011010111011
0010000111111110
1111000010011101
0010100100111010
0001111001101000
0000010010011011
0000001100000111
0001010111001001
1111101011011110
1101010101011010
1111101000111100
1101100011011100
0000001001100100
1111011110110001
1101101000000100
0011010101000110
0001101111000101
1100100000101010
0000101100011101
1110010100000001
1111010010110101
1111111101110001
0000011111010001
0100111011110101
1010111001100010
1110101010000001
1111110000010001
0000011001100010
0010011111000010
0011001110001000
1111111010110101
0011101010101001
1111101011010111
1111000110111101
1110010110110010
0000011110110000
0010111110010010
0001000011111111
0011111110001000
0001010011001010
1101010110011111
1111111110100011
1111001010000010
0001101111010110
0000001000001001
0000000000101100
0001111011000011
0000001001100001
0010101100101010
1111010111101010
0001100111111000
0000011111101000
0010100010101000
1111110110000110
0000001100111111
1111000010010001
1111111001100110
0000101001101001
0001100010101000
1100111101010110
0001000000010100
1111111000101001
1100100010010010
1111101111000001
0000100001111001
0011110011100010
0100010000100000
0001101000101100
0010001110110101
1110101011100000
0000110000010011
1110100110101101
1110110000111110
0110101001100100
0001000100001100
0100001011101110
0000010110100010
0001011011110010
1111001001100010
1010100011111010
0000000010000000
0001100100111000
1111000001001101
1101000001110110
1101011001000001
0000101011111000
1110110101010001
0010000010111101
1111010010110101
0010000001010001
1101000010010111
1111100010000110
1111110001001001
1011001011100000
1101000101100111
0001101011111101
0000000100110110
1110010101100101
0010001110000110
0000111001001100
1111100110101000
0001000111010011
1101011000110011
1110100100100101
1111110010000000
0000100011100001
0010001010010110
1111001101110001
0001000111010110
0001100010001111
0000100100011010
0011011111101100
1111010011101011
1110011011000011
1101111111100001
0010010000111011
0010010100001000
1101000111111011
1110000010001011
0001001101110111
1111100110100011
0000010001101010
1111001110101010
1110111111010101
0001001001001000
0011101101111101
0000010001011000
0000010010100011
1111011100100001
1111110111100011
1011011000011001
1101011000001100
0000111110000101
1111010101101101
0000100010110011
1110011010011110
1111101000111110
0011000000100110
0000110010111011
1110000110001101
1111000101000000
0010010011110101
0011011111010000
1110001110001010
1110101110000011
0000111010111110
1111100010011001
0001001001101100
1111001101010101
1110111010010111
1110011111100011
1111100110000010
0001111001111100
1111001100101000
0101001110101101
1111001000000000
1101100000111011
0001111001110010
1110010011110010
1110111100001010
1110000000000100
0001000001001000
0010100100111001
0001100000110100
0001100101101101
0001000100111110
1011011101011110
0001000100100101
1101110111000101
1110111010101111
0010111010011010
1111001100000001
0000001000110110
0001010111010111
1111001000100000
0000000100000010
0010000011010011
0001011100001000
0000000000001100
1101101100000101
0001001011111000
0000110000110010
0001101000100100
1111011010111011
0000010000011010
0001000011000010
0100111010111111
1111010000011101
1111001001010000
0000100010011101
0000011101100010
1111110000011111
1111011001011110
1111011010010001
1110101110101100
0001101001110100
0010110100100001
1110101000011001
0000101111010000
0100010001111110
0000110010011110
0000000011000101
1111111000010010
0001111011110010
1110101100100111
0000101110101001
1101000111010100
0001100110010001
1101011111001110
0001110000011001
1100111110101001
0011111101010010
0001001111001000
0000111110100000
1111100101001101
1110010101011010
1110001101010111
1101000101000100
0000100011010001
0010100001100100
1100111001001111
0001011001101000
0000010111100101
1110111100111111
1111101110001100
1111111000011110
1110111010110111
1110001001101101
1110100010100011
1111111010000010
0000101001011101
0010011111000111
1111101101111101
0001011111110001
1101100011110010
0010111000011001
1110110111001100
0001110001111100
1101011100010111
0010010010110101
1110100011010110
1111110000110111
1110001110111001
1111110101110111
1110111000110110
0011110110111100
1111111101110010
0010101110011110
0001101111101101
1110101010010000
1101011111011100
0011001101010001
1101111101001000
0101010010011111
1110010111010111
0101101010110010
1111000110101001
1110001011111000
1101000111000110
1011111100110101
0000100111100111
0000100001100000
1110000000100001
0000101011000111
1100000011001100
0000111010001110
1111101011100001
1111010001011001
1110100101010100
1010101010111010
1111010001010111
0001110000110011
1110010011011110
1111100010011100
1110110001100010
0011010110110010
0010110010011011
1111010011010110
1110100111100110
1111011110100111
0000101110001001
1110110000000101
0010000111010011
0001010111010110
1111110111001011
1111001100011001
0001101010011001
0000000000011010
0001100000010110
1111110110101011
0011001001011111
1110010101010101
1110111101000000
0001000100110101
1110001010011010
1111111111100111
1101110101000101
1111011011011001
1110111101000100
1110100111110010
1101111000101001
1101000011100011
0010001111011101
0010000000111000
1101100011110100
1100000100110001
1111111010101010
0001011101001011
0010000010010011
0010010010000100
0110001011101101
1101110110110011
0001001110000101
1111100111111100
0001101111100000
1111000100100100
0000111100111101
0010000010011000
1110011010111011
0010111001110110
1110101010001001
0001001010111001
0000010000111011
0010010000010111
1110111000110100
1110001011110110
0001100101010110
0000100101110000
1110011100100111
1100101100111100
1111010000100010
1110111011010110
1111001000001010
0001010100101011
1111011011001001
0001000111110101
1111101111010101
1110001011101100
0000101100000010
0011111110000100
0000101000111001
0011000001010011
1010111011001110
0010011110100111
1110100110110101
1100110110100001
1111111101101101
0000001110111100
0010000111101010
1111000101111100
1110001100110100
0010100000101011
1111100110010111
1110111111011100
0000100100001001
1100100111101000
0000011111101010
1111011101101111
0000000100101111
1101100001010110
0001111110101110
1110100110010010
1101111001001100
0000011101011001
1110100001000110
0001101111111100
0011000001110000
0000100000000101
1111010110100110
1110010111111000
0000111111011101
0001011101100011
0001000100110011
0001100110000001
1110010110011100
1101001111110001
1111110110010000
0000011001000000
1110101011111011
0010000010101111
0001110001000101
1111010100000000
1110001101010110
0000111000100001
1111110000010001
0001100010011000
1110101000101100
0001100010001000
0001001010000111
0001111000100110
1111000010101010
0010110100001000
1111111001110100
1111000100111010
0100010000111001
0001101001101100
1100000000110100
0000000001000000
0011101101000010
1110010000010101
0000101101010100
1111010001101111
0001011110010100
0000010010000000
0010001011000110
0000101110101000
0000111110011111
1110111011010001
1011111100001111
1111011010010111
0011011001101100
1111100100011111
0011011011111110
0000111010001000
1110111110010101
0000111100110011
0001010111000111
1110100010011101
1111000110010001
1101110011111011
1111110011110011
0001101011000011
0000101111111011
1111100001100100
0000101100001001
0100001001011010
0000111011010111
1110101000001100
1111001101001111
1100110000010011
1101011101110000
1111110001101111
0000010011100001
1011110001111110
0000000000110011
1111001010010001
0000100110010110
1110010011011100
1110011101110100
1110111111111110
0000101100110111
0011101100111110
0011000000000110
1100100011001110
1111100110111110
0001000110011100
0000110001011001
0000011101000001
1110011010011100
1101100100000101
1101010000000000
1101011011001000
1111100111101110
1101111110011011
0000001111101110
1100010000111000
0011001110110011
0001000111010001
1101000010000011
0001100001011110
1011010111111001
1100100100000001
0001101111000111
1111101110100000
0001000011010101
1100110000101000
1100011111011110
0000010001110001
1110101111111111
1111110110100100
1110010000000010
0010001100011111
1110011111101000
1110011100110000
1111011110101101
0001110001110011
0001000111010101
0010100100000011
1101011111001001
0000000110000111
0000111001110110
0010111010000110
0000100110101101
1111111101011110
0101000100110000
0000001100111011
0010110001101101
0001001111110100
1110100111000111
1110011110000110
0000001011111100
1110001011011011
0000011010011011
1101110110011101
0001000011011001
1111111110111001
1111011011100110
0010011111001111
1110111111101111
1110000110111010
1101100011011000
0001111011000010
1111101001111000
1111001011111111
1111110101010001
1111101001101000
0000100010000000
0001110001101110
0010101111100010
0001001100000011
0000101101100111
1110011110000001
0001100101110111
0010001001111100
0001101011000010
1101111100010101
1101011111100111
1101110011101100
0001110001110001
0000010010001110
1110100000010010
0000000011100111
0000001001011101
0001010110001100
0100000010000010
0000000111101011
1110111110011010
1110001001011011
1111011111000111
1111010001011000
0001110110000000
1111101110100011
0001001011101000
1111111010011100
1100011010001100
1110010100010010
0001000101011001
1100111110100110
0000001111110111
1110000111101111
1111100000101000
1100100100110100
1110010000011011
0011011101010101
0010101000001011
1101101000001010
0001100001110000
0001000000111011
0000111101010000
0001000010110111
1101010000011101
0000010100000100
1110111010011101
1110111000101010
1111011100101011
0100111000111011
1101001011111110
1110101110000000
1100010101001110
0001000011001000
0001111000010100
0001101111000010
1111100011000110
0010001001111100
1101101010100010
1111010010100010
0001101001110000
0001101011000110
0001000010001000
1110010010000000
1110010110111101
1101001110011110
1110111001111101
1111001000100011
1100011011010010
1111001100011011
1101011010010010
1111111011101100
1101100100010111
1110011000011110
1100010010100100
1111010010101000
1111000010011110
0010110011011111
0001010101110100
0001101000011011
0001000111000010
1101110100111011
1101101000000101
1110101111010100
0001000110100001
1110100000000011
1100100110111110
0000101010110001
0000110101110110
0000110001111100
1111011111101101
0010001000010000
0000010111000011
1101001100001101
1110011101111011
0000111001110000
0000010110001111
0000101101110010
0010011000101111
0000011101100110
1111100111001110
1100111000010111
1111000110001010
1110101010100100
1100100101010111
0000010011110100
1110001111010011
1111111111100010
0011010101111001
0001011000100010
0000100111000111
0000001001110111
0000010101110000
0001110001010000
0100101001010000
0010011011111011
0001111010100011
1101111100011001
0001001110010110
0001010010000100
0000100010110000
1111111001110100
1111100000001100
0001010001110101
1110100100011001
0010010000100011
1110101000101011
0000011100001011
1110101000010100
0000101100110010
0010010001001001
1110101100111000
1111000100101011
0010110001100100
1111001101100000
0001001110010111
0000000010001000
0011101010111010
1110010110000011
1111011110101100
0000110010000001
1111011110010011
0010101001010100
1011000101110100
0001111100010101
0001100000101111
1111100001100001
1111010010100010
1101011011111110
0000100100000101
0000010101110111
0000110011100000
0000100101110001
0001101001101101
0010000001110111
0010000010000001
1110000001011011
1100110010011011
0010010111010110
0000010100010111
1100100111000011
0000010011101001
1110110000010100
0000011010101100
0000001110011101
0010100000000000
0000111110010111
0000001101111001
1100101001011111
0000010011111001
0010001011000101
1110011011011101
0000111101100110
1100011101101011
0010110000000101
0001111101011101
0001010011010101
0000100110011000
0001010010010111
0000001000001111
0001011000010110
0000010110011111
0001010101110000
1110111111101001
1111100000011110
0000110001110000
1111111011000011
0010000010110110
1100111100011000
0001010001001000
0000000111000001
0000111101101101
0001000100101111
1111011011110110
0001010111010101
1111011010011110
1101010011011011
0011000101011110
0010001000110000
1111011110110100
0001000001010011
1111100111011011
1110010111010001
1010101101110101
0000010101010101
1100011011000100
0010100000101100
1111011100111110
0001011111111101
1111001011110110
0101100110101010
1110111100100110
0001000100101101
0000100000100000
0001011010000000
0000011111110011
1111001001011010
1110001011001001
0000001010001101
1110010001010001
1111000100111101
0010100111101110
0000011011011111
0000110111101010
0000101011001100
0000111111010011
1101101010110001
0010001110111010
0000100101111011
1101010011100100
1110111100111100
0001100001101111
1101100110001010
0001010011100011
0000111000111010
1111110010001011
0010010110001101
0001001110101100
0010101001101101
1110001111100001
1111100100011110
1110011110000101
0000101100101100
0001101010011101
1101111111001010
1101000011001001
1101111101001111
0100000101001110
0000011110010101
1111010101000000
0000110101010001
1111111100111100
1110010011001010
0100011001100010
1111011001010000
1101110001010001
0001100000010111
0010010001100110
1101010010111010
1111000101101010
0000000011011110
0011011100100000
0001010010111010
0000100010101100
0000111000100111
0010110100011010
0000100101110011
1101101010000011
0010101110111101
0001110111100001
1111100011000110
1111101111011011
0001000000111000
0000011010010100
1110001101011010
0010010111101011
1111010101001110
0000101111000001
0001001000011000
0001111010111111
0000111000111011
0000111010011101
0000000110110100
0101011000101000
1101001101011010
0011010011001110
1110010101100111
0000100011010111
1101001111010000
0000101001011101
0011100001011010
1110001010101111
0011100000111110
1111111011001001
0001110111101110
0010010100111101
1111111100011001
1101111110110011
1110011100110001
0000100011001010
0001110011011010
0010011000100100
0001000010001110
1110101111011011
1101100000101001
1100110010011011
0000011100001001
0000010101001100
0010110000000000
0000111111000001
1101111001101100
1110101011100111
0000010001101111
0000010001101101
0010100010011101
1111010110100010
1100111100111011
0000001010011100
1100010110001110
0000100011110011
0010000010100111
0000001110011101
1110010010011101
0000000000101000
1101101011110011
1111011001010101
1110011110110011
0010001000110110
1111100111000100
0000010110111110
0001010101100101
0000100101100101
0000000100011101
0001100011101101
0001011101010011
1111001110101111
1111011001001101
1110100010101111
0001100000100101
0000001110110100
1111001111010000
0000110101101110
1111011000011100
0010001011101000
0001000001001100
0000110010101101
0010000011011100
1110100001100110
0011000100000111
0000110010111101
1101010010000101
0100111010111011
0000111011000101
0001110100101001
1110111011010000
1101111101101101
1111101110010110
0011001001011001
1111011010000101
1101010101100100
1111100101110000
0001100110111110
1101111010001110
1010111100000010
1111110111100010
0010010000000100
1101111011011100
1110110010011000
0001101011010011
1110011001110101
0000000101000010
1101111111101000
0000011000110000
1110011101111001
1110001011100000
1110010010000111
1100111111110001
0001010010100001
1110011101011000
1111000000111001
1111111000011110
1110000110001111
0001010011111001
1101001010011001
0001101101000110
0100000000001100
1111110011101001
1111010010001111
1011110101011100
0001001101111100
0001100011011000
1101000100000111
0000011100010011
0000101000001100
1011010001111101
0000000100100111
0100100101110111
0000010001001110
0001110001100001
1111001001111110
1110000111101100
1101010110101111
0000010000001100
1100101101010000
0000101010100110
1110100010011111
1100101100101011
0010000101011101
1111000110110000
0000111111000010
1111111011010001
1101001111010011
0000010010100000
0010001110000000
1110110110111000
1111011110010010
0000011010011100
0000010111110111
0010011011001010
1110101110010101
0000100001101111
1011000011111010
1110000010000110
0010001111111100
1111100000001110
1110001111011101
0001000000100100
1110001000111000
0000101111010110
1110100111001110
1111100000011011
0000001011111000
0001000000100100
0000011010011011
0000110010001101
1110011000010111
1111100110100110
1100111101101111
0011001000001001
0001011011000101
1111011011101101
1101011111110010
0000111011010101
0001010010010101
1110010100000011
0000100110101011
1011111010010110
0010100101110101
1110001111000010
1110101011110011
1111100111010101
1100101000100000
1110000011010001
1111001101000101
1110100001010101
1011110010010110
0011000100000110
0001101010001110
1101101001110000
1111001011000100
1110000110101110
0000100010000100
0000010001110111
1010000110000011
0010100011010011
1101101110010001
1010110101000110
0100101001001001
0000011111101101
0000001011010101
1010111010100000
0000000011001010
0000101001110011
1101100101101100
0010011110000011
1111100010001110
1101111101000011
0010101011011110
0001100110011111
0000010100000010
0001110001110111
0000001010001000
1011100100011011
1101010101000100
1111001010010110
1110100101101100
1111101100000000
0001101010010100
1111100110011111
1110001010110100
1110010010101001
1101101010010111
0000100000101101
1110010010010110
0000100010001110
1101110100110100
1110101101110011
0001110110001000
1001100100100000
0001001111101100
0010010110101100
0101010101000011
1101001110000011
1111010000011101
1111100000001000
0011001011110010
1111100110011011
1110110011101010
0000000100111101
1110111010000010
1101100100000111
0000110010001110
1111111011100010
1110110110110111
0000101011011111
1111110000001110
0010000111001000
0000000111101111
1110011100011111
1111101111100010
0001011000101111
1110001010010110
1111011101011000
1111111100000001
1110111111000101
0000101111101000
0001101111001001
0100000000100101
0000110010100001
0001100110101101
0100001100000111
0011000001000110
0000110010110110
0001001010001100
1111101011100010
1100000101000000
1101011111110111
1111100000000011
0001100010101011
1101111110110001
1111100101001001
0100001111011111
0000101001010100
1111010010000000
0010110111011111
1111000010110100
1111100010001001
1101000110101111
1110011111000111
0011001110101010
1110110001010100
0001001111110100
1111110010111111
1101101101000101
1111100010001011
0001101001110001
0000110110001101
1111100100001011
0001111011100111
0000100111100110
0001001110000000
1110011100000100
0001010010101001
1011110000010111
1110001110101111
0001010010010010
0000110101000011
0010011111010100
1110010011010011
0001000001000110
0010100010010000
1100111001111001
1101001010001101
1111011000000100
0000100011101100
1110100100100001
0010100111011010
1110110100011010
0000001111110111
0000001000010111
0001011011001110
1100110110100100
1101100110001111
0000100011010110
0001011010111110
1111110111011001
1011100010001001
1101011011110110
0000110010010010
1101000011110000
1111001110010101
0001010011101000
0001011100011111
0001001001111111
1111101110010100
1111001111011101
1010111000100010
0001001000110001
0001011000101000
0011001101100100
1111000001010011
0001111010000001
0010111101110010
0001011010101100
0001001001110010
1111000011001011
0101001110111001
0010111011010000
1110000001000010
1111001010111100
0011100101010001
0010000000000000
0001001010001111
0001011100000011
0000011001110100
0001010110101101
0001111100010010
0010101001111000
0001001100110000
1100100101101101
0001000101010101
1110101011010010
1100011001110111
1111101110011001
0001100110010100
1100100100011110
0000000001111110
1110110110000111
0011101000101110
1111010101110010
0010101011111010
0000011010101010
1111001001011110
0000001011100110
1111011110110110
0000111100011110
1100100101110010
0100000011010110
1101110010111011
0000100110011000
0010000011100100
0010100101110000
0000011011110100
1111110111111010
0001010001010100
1110010000001001
1111011111111111
1110111100110011
1111101110101101
1101010110100111
0001000000111110
0000010100111011
0000101011100100
0000101010001010
1111011010101010
1110110101000110
1111000111010000
0000111100100001
1100011100110000
0010010111100111
1111110001110010
0000011001100011
0000000000100100
0100100011001011
0010101111011001
0000110110100001
1111111111110000
0001001011111100
1110111011010000
0000000111101001
1101010001101001
1100110101111011
0001101010110111
0011000100010110
0010101010101011
1110011010010110
0010010000000000
0010010100011101
1111100011000111
0000000100000101
0010100100001101
0000011110100000
0001111011001100
0000000101101001
1111100110110010
0001000101011101
1111000001010000
1110101100110101
0001011110110111
1110000100111001
0000100100100000
1101011100111101
1101101101101001
1101101010001000
0001110110001111
1111001000101001
1111110111001100
1110100011111011
1100101000100000
0001110101100011
0010101100110100
1111011011001001
1111110100001111
1101010110011001
1100001110000110
0000010010111111
1110010101101011
0010001010010010
1100010011110100
1111111100001011
1111011010011110
0000110110100100
1110001100111011
0000101000100100
0001000101100111
1111111011000000
0001100110101110
0000100011011110
1101101001010000
1111001100110010
1110101010110001
1011100101111011
0010010011110011
0000100010000010
1101111001000001
0010101110011100
0001111001010111
1101010001011000
0001001000111100
0000000001110111
1101111110001011
1110010100101010
0001010100010111
1110101010001110
1111000001000101
1011111100011111
1110101100000111
0010011101100110
0010101110000001
1110111101010110
0010000111011101
0001011100001010
0000100110011011
0000001000100110
1110101110101000
0000100010011010
0100111100111010
1110110011111011
0011011111000010
0010011010100010
0010111001100010
1110011001110110
0000111001011111
0000010111011101
0001011101000110
0011000010001110
0011101111101101
1101110010011111
1110100100001001
1101011001010011
0000100100110001
1110110110001010
0011110001101110
1101111010001010
0101100010111000
1011100111010101
0011000110001001
1111001100011101
0000011001010110
1111110000110100
1111101000101001
0001011010101110
1111001010010011
1110111111100000
1110101100001101
1110100111000100
0000010100000001
1101110001110001
1100011001110000
1111101001010111
1110111101001100
0000001011110001
0000010111000111
0010011010010000
1111111100001010
0100100110000001
0000000011011110
0000010011001010
0010111100110011
1111011001111001
0000100000100000
0001100001101101
0100010000001100
0001100111100011
0000100010100111
1111100000011000
1101100110000001
1111011100000111
0000111001100101
0101110001101010
1110110010010011
1111000110001010
1100101110100111
1101110110010001
0001100011010001
1011001100111000
1110000100100111
0001011010101100
0010100001101110
1010111011100010
0000111001010000
1011110000000011
0001000011001100
0001100101001001
0001000000000111
1111000000100101
1111011011000011
0000001000010111
1101001010100000
0001000110011111
0011101100110110
0010011011001100
0000100100100101
0001101100110101
0001100101000110
1111001000101000
0111000111100101
0000111001001100
0011010010010111
0000000110110101
1110101110100010
0000011001100011
0000011111110100
1110000100110101
0010111001101011
1111010111011100
0001101010000000
0001110000010101
0000011111000000
1110010110001100
0001001101110100
1101110001000110
0001001000001000
1100110010101110
1110001001111111
1101001001110111
1110101101110000
1100110100000000
0001101000101010
1101001001101100
1111101111110001
1111100001100111
0000000011011011
1111101000000110
0011001110110101
0001111010001010
0101000000011100
0001111100001000
0001111100010010
1111000110100001
0000101100111101
1100000100000000
0000110001011001
0001011000001010
0000011101011010
0000010101010100
1101010110111111
0010100100001100
0011000010011111
1101011011011000
0001010000001010
0001111100101001
1111000011010101
1111010101101110
1011010100011001
0100011010011010
1100111010011010
1101011001000111
1111010001111010
1110001001010010
1111000101101110
0010100011000101
0010100011000101
1101011000101101
0001000000110001
0000110011101011
1011100001111100
0001001010111111
0000011011101111
1110111000000011
0000010110100101
1111100100111110
0001011001101010
1101110110100010
1101010111111100
0001100001110000
1110110101110001
1110100011111011
0100111011011100
0000101011001100
1110010011100000
0001010101000111
1110001101011011
0000110100011010
0001101001000100
1110001011001101
1101100011001111
1101101100000001
1111110111001001
0001000101000010
1100001000110101
1111001010101110
1101011101100010
0011111010101111
0011010110001100
1110000111110000
1111101001000010
1111011010100000
1111111001011000
1111111110101011
0000100010001111
0001110101001101
0011110110001000
1011101100110110
0011000001010011
0100001010000110
1110110011111001
1101110010110010
0001011010001101
0000101111111110
1101101010101001
0000010101111101
0000111111011011
0100100001101101
0001001111000111
1110111111111100
1111010011100110
0000001011010110
0000100100010110
1111101100001000
1111000000100101
1100110111110101
0010000111101001
1110011101011100
1110111111011010
0001011100101001
1011110101011111
1110001001110001
0001011010101101
0010101110111100
0001101111010001
1110001001110011
0000110011010001
0000000100110111
0010101100000101
0010001111010101
1111010011110110
0000000000011100
0001001010011010
1101011010000000
0010010111101110
0010000001110001
0000000100010101
0001101100001010
0000011010000001
0010110010111000
1111111101001110
1101011010001111
0001000010111111
0000001010011000
1010111010100101
1111100111101111
1101110011111101
1011010011010011
1111011000101100
0010001011111000
0001010001000110
0001001010011111
1110101011101111
1110100111101110
1101110100110110
1111000111010000
0011001110100000
1110110110101110
0010101101111101
1111000100111011
0011101111010111
0001010000110000
1111001011000010
1111000000011001
0000110010100110
0000110111111011
1110100100000000
1110111010001101
1111101001111111
0001011101011110
1110010111101101
1101111101010000
1110011101001010
1101011101101110
0000001011010101
1111100011001110
1100110111100101
0101001101101101
0000000001001000
1100010110000100
1101110100000011
0100110101111010
0000011011110111
0101000101111000
0000000000010010
1111110111000101
1111111010110111
1100111111010100
1111010001011011
0010000000111100
1111100001000110
1101101111111101
1110110111000110
0010001110001100
1111110110001001
0010100111100101
0001101111010101
1111101111110111
0000100000101011
1101110000100000
0001011111000100
0001001101001101
0011011100111101
0000000101111010
1111011111000000
0011001110111110
1111011001000111
0010111000011000
0000000100011011
0000101100100011
1101110001011111
1111001100111110
0001110111010010
1111011000000011
0001000011101000
0011101000010110
0001000101101001
0000101001100111
1101110111110010
0100000110000100
0011110011110100
0010100110011011
1111111011110011
1110110011111010
1110011000110111
0000001100100001
1101101010100000
0011011100001011
0011110110010001
1101100001100111
1011010101101011
1101010101011011
0000000000010101
0000110000011010
1111011110010011
0000100010010000
0000001010011100
1100011000111111
0000011110101101
0000100101001010
1101111111010110
0001101010010001
1111010100101001
1111010010100000
0000100101001110
0000011101111111
1111111011110001
0001100011000110
0000101100010111
1101000100110101
1111100111111101
0001110010110010
1101101000110111
0010101010111011
0011110110100101
1111000010101011
0100010101011101
1110101110000110
1100001111011110
0001110000011110
0010010101100101
1110101111010001
0000010000001111
0001101100010111
1100111010100010
1110110101001110
0010001110011011
0001011010001111
0010111111010111
1110001111010100
1101100010000110
1110110010101000
1111000101111111
1101110011001000
0000110100111001
0000110111101011
0000011001011101
1111010111110111
0000000000101010
0100000001011010
1111100000000110
1110111010100010
0010111111110110
0000111101110000
0001001100011111
0001010111111011
0100011101001000
0001111000101001
1111100011001101
1110100111110110
0001100010110111
0001110011110100
1111111100110100
0101011000111111
1100111011110111
0011100111001000
1101110001010011
1110011111100000
0000011001111001
1101001101100111
0010101110011110
1110110000110001
0000101111010001
0011001001101010
1100110100010101
1101110011100011
0010000000010011
1111011110110000
0001001001111111
1111010000101101
1110101001101001
1111111000100101
1010110010010000
0011100000001101
1110110010101100
1111000000110110
0000111010100000
0000001010110111
1111110111010111
1101011100011000
0010110100000001
0010001011111001
0000010001010110
0001110011100110
0001000001111101
0001100010111111
1110101001111110
0011001010111001
1101010111010011
1101111100010101
0001110111000000
1110100101101100
0010101000110111
1100101101010000
1111100001001011
1110110101011110
0001010110110101
0100011100000010
0011011100000110
0001000000111110
1110110100100111
1111110101111011
1111100100110011
0010100100110110
0000111010100011
1111101110010100
1110011100110111
0001011110011101
1100111001100110
0001101011001101
1111000111011111
0010110100000100
1110101000001111
1111111001000000
0000101010001100
0000101101010010
1110101111011001
1010110100011101
1111011000100001
0001010001110010
0011111011011001
1101001000001010
0010100011111111
0000011101110100
1111110110101011
0000000110011110
1111111011011101
1100010011000011
1111100110100011
1110011001100000
0001000101111110
1111010000011100
1110011101010011
0001010101000010
0000011111000101
0001100101010000
1101100001010101
0000110100101001
1110000111011010
0000011110100011
0000010010000011
0001000010110111
1110110010011101
0001011111101101
0100010001010011
0100101101010101
0011010100100111
0000010011010010
0010000010110010
1111001010101011
1100101100011100
1111100101101011
1111111011011001
1111110101001110
0011001010010001
0000110000010011
0000101011000010
1011110100010110
0011111011110110
0010000001100010
0000011100000001
1101010111010100
0000101111000111
1100011110100010
0001001010001011
1101011100101100
0010111101111101
1101110101001000
1111111101100001
0010111101001001
0000011110001100
0010001001010000
0001001000010011
1111110111110101
1110011111011011
0000010000011011
0011001010000001
1110111000111111
1100000111000010
0000001001001111
1101010110100111
1111011111101001
0001011011101111
0001101010101000
1111000011000000
0000110000001011
0000110100011100
1111000010001100
0001101001011001
1101110001011011
1111101000101100
1110101100110001
1101100110110110
0000011100000010
1111110110110101
0011100110010111
1101100110101010
0001010011000110
0011001010010110
0001100110101111
1100110011110010
0010010111111010
1011111011011100
0011100010100000
1110011001011001
0000100101111110
0000101111011110
0000100111111110
1110110011111101
0000001110110111
0011001010011100
1111111101010011
0000011100101001
0010010111011100
1110010110110110
1111000111001010
0001001001011100
0000010000100111
0000000000100101
0101011011000100
0000110101000001
1101100100101101
1101100011010101
0010010010000011
1111111111001001
0000001010110000
0001000000100100
0010111011001110
1101010110110001
0001111110000100
1110100010111100
0001001011110010
0100101011110000
0000010011000010
0010011010001100
0011001011001100
0001011000001010
0010101100100110
1100001111000000
1110011001010110
0100000000000000
1110101111000100
0010101011100000
0010011010110100
0001010000100000
1101111010100111
0000000111101101
1110010110100000
1101110001100100
0011100001001010
0001110110111110
1100111011001011
0010110010010010
1101110011101110
0010111100010000
1111010000011001
1110110100110010
1111110101001000
1111010000100110
1111011110011010
1101011101011000
0001110011111100
0000000101111111
1111011110110110
1111100110001100
1111010110010100
0001010000000011
1101001001100001
1101111100011010
1110000110010110
1111100110110001
0000111000111010
0000010011101010
0000101101001000
1100111001011000
1110001110111111
0001100111001000
1101011110000000
0011000100000111
0000001100111100
0000001111101001
1101100000011110
1011111000011111
0100110111110111
1111010111110011
0010101101100010
0001001101010101
0000010011100100
1110000111010000
0000010101000101
0000100110101001
0001110011101101
1110111110101000
0001011001010101
1111011111010101
1110100000011100
1101100100100110
1111010110001000
0010101010011110
0010101000100010
0001111110000001
1111001100010000
0001000001011011
0001010010111010
0001001011001111
0000101110101100
1110111000101011
1110001100011100
0011110010000000
0010000000001010
0001100010100000
0010001101001101
1110001110101110
1110000010000000
1110010010011100
1110101111000011
1110100001100011
0010010010111000
1111111110100011
0000011111010110
1110011100111110
1111001011011000
1110001100000110
0010010001001101
1111011101110111
1111001111111001
0000010100010101
0010110010000000
1111000011110111
0010110110001001
1111010011010111
0010010000010000
1011111010110101
0000011001000011
0000110110000000
1110001010100001
1100110100100010
1111101111101111
1110001011011100
1111011000111110
0000010111001100
0000100010100001
0001100111010011
1110001111101110
1110100000001010
0001110000010000
1110110001101101
1110011111000011
0000010001110000
1111001101011101
1111101101001000
1111111000001000
0001110010110101
1110011100101110
1111010110001001
0001100011101001
1111010111001010
1111100111000111
1101111011010110
0011000111001111
0001110100000101
0010010010010000
1111011000010110
1100111001101110
0011000111100011
0010011000001011
0100110001110100
0001011000111100
1111110100110000
0011000011101000
1011111100000011
0001010110101100
1110111100100111
1110101011000110
0000011000100011
0000111011001010
1110011101000111
0001100101101001
1101010010111111
0011001000001100
0010010000000111
0001000001011000
1111110101110101
0000011101110110
1111011100110001
0000101110010101
0000011001100110
1110100110000011
0010011110110001
0000000000001010
0010000111001000
0000000011100000
1111111101100011
0000000101000111
0011000111110001
0010010101111100
0000010101110110
1101100110111111
0010000110101111
1111011101011000
0101010101000011
1111110101100001
1101011011001000
0001011101011101
1110110011100000
0100001101001001
1111100001110010
1101111110000011
0010101100001011
1101110000010101
1101100010100011
1110011011011001
0001110111011000
0010001110010111
1110101001100010
1111010111001000
0001010001010111
1111111100111000
1101000101000100
0000000010100000
0000100001100101
1111000101011000
0011010101110001
1110111001011001
1110010110110100
0000110111111111
1101011100101000
0001111001101100
1100100110010101
1111011100010111
1111000001001100
0000011001010110
0001011011010000
0011001000110101
0001010011100100
0001110011111110
0001011010110110
1011100011011001
0001100101111111
1101100001000111
1110001110010000
1100100111111110
1101110111010101
1110010110011000
1110100000111110
1111101001000000
0000100110000110
0010010110011000
0100101111111001
0001011010110110
1111101100000101
1011101100011100
0001110100110100
0011001011000000
1110110010011011
1110011000011001
0000011001000010
0000001001011010
0000000100110011
1111011101000100
1100110110001101
0001010101100011
1110110110011001
1110000001111100
0000001000110001
1111000100111001
0010011111100010
1110001001111010
1110010001110011
0010110111110101
0010010111101000
1111001100001011
1110111101101101
1101011100101010
0010101011111010
1111110000100010
0000111100001011
0010010001000110
1111010001100111
0011101010100001
0001100101011101
1100110010011011
0000110011011000
0000111111110110
0000010001010100
0001110101011011
1111011000000001
0010010100001111
0000101100001000
0000110111101000
1110111000100101
1100101110011110
1101111101111101
0000101011100111
0001011101100100
0000100001001011
1110111001101000
0010000110100011
1100001011010001
0001011001100010
0011000001100010
1110111110100100
1101000001110100
0001000011000101
0010000010101101
1111010001111101
0000001100100001
1101100010011110
1111101001000101
1111111011000100
1110111110100111
1110100110001001
1111000000111010
0100001001011011
1011100100011111
1101111001001110
1111101010010011
1111101010001000
1011100101001001
0000110101000000
1100011010111010
0010010011101110
1111011011010100
1101010110100001
1111001010000011
0011101110011100
0001001110100000
0001011111011000
0010101110100001
0000001010001000
1111100001110100
0001001001010010
1100000111100111
0011000000010110
1110000110100011
1101100100110111
0000010101010111
1110011110010111
0000111000100111
1110111100101110
0010001110010010
1111011111011111
1111000001111000
1111111100000000
0000100001111111
1110010011110010
1110001111110100
1111000010000110
1111100001011110
1110001011110011
0000111111100000
1111001000001011
0001101111101111
1110101110000001
0001100001010000
0001010101100110
0000001101000101
0010001000101101
0000010001000011
0010101011011110
0000111101100011
0000110000010110
0000101010010000
0000000001000111
1010010001011101
1110101100001000
0010000100010111
1110111111110101
1111100001100010
0000010011001111
0000001011001101
1110010000111011
0000111111111101
1111110100010010
0011011101101010
1011101110011011
1110100011101101
0001101011010001
0000011111000010
0000111000011001
0010000101110011
1101110110110000
0000101110001110
0001001110110101
1100110101101111
0001000000001001
0001110111101101
1111000000001110
0010101110001100
1111010011010100
0001110110011100
0000110010010101
0000111101000011
0001111010110101
1101010011111011
0000111011010010
1101110111110010
0000001010111100
0010001001101001
1111001010011001
0000100111110000
0010100001001110
0000001100111001
0000010100000111
0000011001001001
1111001001010010
0001101011000100
0001110110100010
0000110110100100
1011110111011100
1111000111000010
1111000110001100
0000010110001111
0010110010111100
1110101101000010
0000100100110100
0000001001000011
1111101001110010
1010010111000111
0000101110110000
0010010010000110
0010110010100110
1110010101010101
0010111100011010
1010100100101000
0000000011110100
1110111011111110
0000100110000110
0000011111000101
0001000101011101
0010001101110001
0001010011100010
1110110001011010
1110000000110110
0001101111111111
1110101011010111
0001101000001100
0001001100101001
0000101111101101
0000000001001101
0000111010100101
1101000100110001
0000001111010111
0000010110100111
1110101111110100
1011110011010101
1110110110110010
0001001011000010
1110101111110100
0000111110010011
1101000110100001
0010001010000101
0011101001110000
0001111100100111
0000101110111010
0000010011001011
0000101001111000
0010100000111001
1111010001101100
1111010100110010
0000110111100100
1110100010001011
0010000000100100
0110010100110101
0010100110010000
0011010110000010
0000110111100001
0000111111101110
1101100011010110
1011100110101111
1111101100101000
0000111110101011
0000001101001100
0000101111001101
0000100110010010
1101011010101000
0000110111110100
1111000111011111
1110011001101100
0011111000011110
1111111111110101
0100010111100110
0000101110001001
0000100000110111
1101110011101011
1111100100010010
1101100011111110
0001011101011110
1111000111000101
0001111111110001
0001000001011011
1110000110001010
1111101011110110
1111101100111100
0010000101000010
0000010011101111
1111011110110001
0010000110110110
1111100001110000
0010111001101111
0010000000110001
0000111110110101
0001110111000001
0001001100100000
0001110110111110
0010110001110101
1110111000100010
1101010111111110
0000111001101111
1100000011100000
0000001101001011
0001100110111001
0000001110001111
0001011100111010
1110111101101001
1111100111100011
0010111111000000
0011001010110100
0011100100111010
0000110001001000
0000000001100010
1110000000111101
1111100111101000
0000001001011010
0010110110011110
1111000100110001
0010100111100010
0000000111100101
0001001001111011
0001001001001001
0001010100001010
1110001100001001
0001010110111101
1110101001000010
0001110011101001
0000000001100011
0001101011110011
0000010010100000
1110100010001001
0000000110110111
0000010011001101
0001101101110110
0000100101000011
1111011110011001
0001001100000010
0000100101101100
1111101001000010
1111110111001011
0000100100111010
1111100000110011
1110000011110100
1110111001110010
1111011001101101
1111000100010111
1111010100111011
0010000101110110
0101101100010010
1110101011100100
0000000011110001
0010111011110111
1110110100111101
0000001101100101
0000100011101011
1110111110010010
0100000111010101
0000111110001110
1101101111111111
0000000010100101
0000010000011111
1111001011111101
1100100100101011
1101100011110111
1111000101111111
0011000001010101
0001010111001111
1110011011001111
0001111100011010
1111000101011110
1100001010101110
1101010010011010
1101011100010011
1111010001111111
0010011001110010
1111011011110000
0011101001011110
1111110011000111
0000110110111001
0001010100000110
0010101111101100
1111111000000100
1011010101000001
1111110000100000
1110100101011110
0000100010011000
1111011101111010
1011100100110100
1111000100111011
0001111011110011
0010101111110000
0001000011010000
0010000101000110
1111111010110100
1110100011001110
0011111010110100
0001000101111100
0001001010001000
1111001010000100
1110000110110010
1111011100000000
1101111001100011
1110100110101010
1110111001001110
1110101000010110
1101101100110000
0010111110110110
1111100001111000
0011111110101110
0000000000000011
1110010101010101
0000010110100011
1111100001010101
1101111000101111
0001111111000111
0000000001010001
0000001111110101
0001001010000111
1111001100111001
0000000110101010
1111111000111001
1110001111000110
1111100000110010
0000110111000111
0000000101011000
1011111101001111
1110111101100010
1110100011110010
0000111010100100
0001011001010111
1101111100000111
1110100001001111
0010011011000100
1111111101101011
0010001111011110
1100110101011111
0000100001011111
0001001110011011
0001001101100101
1110111111011010
0000010010001110
1111011100010011
1110001101011101
0010001111100101
1101011000011011
1101101011110100
1110000110011001
0000101000111101
1110001111010100
0000110010100111
1011000000100100
1111111110111001
1111010010110101
1110110110101110
1100110011000110
1101010100011101
0000110110010010
0001001110011101
1111011110011100
0001111100010100
0010011110110000
1110101111000000
1111000011100000
1100001100100011
1111100010101010
0000000110100100
0000111101100110
0000111011010010
0010010001000010
1111001001010001
0011101000111100
0011011010100111
1111101110001011
1011111110101010
1101000010010000
0001101110010110
1111110001001010
1111110000010100
0000011101000001
0010000000111111
0000000101110011
1111111001010100
0000000110000111
1111000011111011
0000101111100011
1100110011010101
0000111001011100
1101011110010101
1101110111100101
1111110011000011
0001001111011000
0011111011111001
1111010001100001
0011000111000000
1101010110100111
0001100101110101
0010001101000100
0000010111110011
0000001100001100
0001100000001110
0010000100000010
0000100110001000
1110101111100000
1111101001001001
1111100010100000
0001101110000101
1111000010100100
1111000001011010
0001101010110101
0000010001011001
1110010110100001
0000010100000100
1110000101011001
0001001000100001
0010110110011001
0001000000110100
0000111110100001
1111110100111001
1111100011110010
0000101001011001
1111110101100100
1111100101000111
1111000000101100
0000010000000110
1110110001111100
0000010101110111
1100100011100101
1110001110101110
1110110100100111
0000001000100101
1101100101101101
1001100111111111
0000011110000000
0001110001001110
0100001100001101
0000010100011101
0001110010010010
1110100100101010
0000100110010001
0010001000001111
0101010100100001
1111111100111011
0001111110000101
1111000110000000
0010100010110110
1100010011110000
0010001101011110
0010011111010001
1101110010101100
0000111111001001
0010000001111101
0010011000000101
1111001100101110
1110111001111100
1110101101111011
1100101100100001
1110011011100110
1101100001001001
1100101111010101
0000110101001010
1110000100001110
0010000100010100
0001111010000110
1101101011100000
1100100110001110
0010111111111100
0000100000110000
1011001110110111
0001110110101001
0000100100011011
0000100101111010
0011011111001101
1111111000101100
0000110111001010
0001000110001001
0001010111001110
1100001010011000
1111010110000001
0000010110000000
0001011010001101
0000010110010100
1111010100001110
0011100000000000
0001111010010001
0001101011011100
1111000111001011
1110110010110110
1111110111101000
1100001000101111
0000010000011011
0010110011010100
0001101110001000
1110101010101100
1101011111010111
1101011101000000
1111100111111010
0010010000001000
0000100000111100
0001011101111000
0010010010000010
1110011110111011
0000000101110110
1110011100101001
1111010111110100
1011110100101011
0001001111100010
1110110000100110
0100000101000110
0000100010000101
0000001001100111
1111100001011000
0001011010111100
1110001100011011
1111101111001001
0000111010101110
0000010000100101
0001110011000000
0001111000110000
1110010001001001
0001010110010111
1101111010100110
1101111101101110
0010011110110111
1110111000100001
1110000011001101
0000010000111011
0010100111111010
1111100111000010
1110000010010110
0000001100100010
1110010001010001
1101011011001110
1111100110110011
1101100111010001
0000111000100010
0000010111110110
0001110111010001
1111001100011110
0000110000100011
0001111101101110
0001010001001111
0000111110010000
0000011010000111
0000000110000101
1111000100001000
0000010011010101
1110110011010110
1110101110011001
1110111111001110
1111110000110101
1011110110111111
1101000010010111
1111101001111010
0010111111110111
1110000000110101
1111100111010000
0000010010110111
0001111011010100
0001100001100100
0000100000101011
0011100000001111
0010110110110111
1110011001100010
0001101111100000
1101101111101011
1110100011100111
1100111001001011
0001001010001100
1100101111111110
1111101011010101
0010010110000010
1111110011100111
1111111011010010
1111001000110101
0000101001000101
1111000011111101
1110111001000101
1111111011101100
0001011001110011
0011101101010101
0001011000011010
0010001010110011
0000011000011011
0011011101010110
1110111000100110
1001111100000001
1110100100100011
1111111110101110
0001101101101101
1111101001001011
0001001011111110
1111101101111110
1101100110000001
1110110110110001
0001010011100010
1110110001000010
1111110110010111
0001100101000110
0001100110101010
1110001101100000
0001101110110001
1101100100110000
1111000110110001
0000010110100011
0001111010111000
0100010010101000
0000011100001010
1101111001010111
1111010100101000
1101110100010101
1101110000101001
1111000100010011
1101011011110111
1111001111010011
0000101111101110
0000110110001101
1111101111000001
0010011110101010
0011111010111011
1100101000001110
0000110010100110
1010101011101111
0001110001111101
0000110001111111
1110011100011111
0001100001011001
0001110011010010
1101100001101010
1101010001101011
1111101101110010
1110100111001100
0001000011000111
1111101011010101
0001011100011110
1011001010010101
0010010101000010
1111001011010011
1111011110000011
0001110001001011
1101000111101100
0000010110111000
0001011001001001
0000101001111100
0000011111111010
0000101110111100
0000000100100010
