0000000000000000
0000000000110010
0000000001100100
0000000010010110
0000000011001001
0000000011111011
0000000100101101
0000000101011111
0000000110010010
0000000111000100
0000000111110110
0000001000101000
0000001001011011
0000001010001101
0000001010111111
0000001011110001
0000001100100100
0000001101010110
0000001110001000
0000001110111010
0000001111101101
0000010000011111
0000010001010001
0000010010000011
0000010010110110
0000010011101000
0000010100011010
0000010101001100
0000010101111110
0000010110110001
0000010111100011
0000011000010101
0000011001000111
0000011001111010
0000011010101100
0000011011011110
0000011100010000
0000011101000010
0000011101110100
0000011110100111
0000011111011001
0000100000001011
0000100000111101
0000100001101111
0000100010100001
0000100011010100
0000100100000110
0000100100111000
0000100101101010
0000100110011100
0000100111001110
0000101000000000
0000101000110010
0000101001100101
0000101010010111
0000101011001001
0000101011111011
0000101100101101
0000101101011111
0000101110010001
0000101111000011
0000101111110101
0000110000100111
0000110001011001
0000110010001011
0000110010111101
0000110011101111
0000110100100001
0000110101010011
0000110110000101
0000110110110111
0000110111101001
0000111000011011
0000111001001101
0000111001111111
0000111010110001
0000111011100011
0000111100010101
0000111101000111
0000111101111001
0000111110101011
0000111111011100
0001000000001110
0001000001000000
0001000001110010
0001000010100100
0001000011010110
0001000100000111
0001000100111001
0001000101101011
0001000110011101
0001000111001111
0001001000000000
0001001000110010
0001001001100100
0001001010010110
0001001011000111
0001001011111001
0001001100101011
0001001101011101
0001001110001110
0001001111000000
0001001111110010
0001010000100011
0001010001010101
0001010010000110
0001010010111000
0001010011101010
0001010100011011
0001010101001101
0001010101111110
0001010110110000
0001010111100001
0001011000010011
0001011001000100
0001011001110110
0001011010100111
0001011011011001
0001011100001010
0001011100111100
0001011101101101
0001011110011111
0001011111010000
0001100000000001
0001100000110011
0001100001100100
0001100010010101
0001100011000111
0001100011111000
0001100100101001
0001100101011011
0001100110001100
0001100110111101
0001100111101110
0001101000100000
0001101001010001
0001101010000010
0001101010110011
0001101011100100
0001101100010101
0001101101000110
0001101101111000
0001101110101001
0001101111011010
0001110000001011
0001110000111100
0001110001101101
0001110010011110
0001110011001111
0001110100000000
0001110100110001
0001110101100010
0001110110010011
0001110111000011
0001110111110100
0001111000100101
0001111001010110
0001111010000111
0001111010111000
0001111011101000
0001111100011001
0001111101001010
0001111101111011
0001111110101011
0001111111011100
0010000000001101
0010000000111101
0010000001101110
0010000010011111
0010000011001111
0010000100000000
0010000100110000
0010000101100001
0010000110010001
0010000111000010
0010000111110010
0010001000100011
0010001001010011
0010001010000100
0010001010110100
0010001011100100
0010001100010101
0010001101000101
0010001101110101
0010001110100110
0010001111010110
0010010000000110
0010010000110110
0010010001100111
0010010010010111
0010010011000111
0010010011110111
0010010100100111
0010010101010111
0010010110000111
0010010110110111
0010010111100111
0010011000010111
0010011001000111
0010011001110111
0010011010100111
0010011011010111
0010011100000111
0010011100110111
0010011101100111
0010011110010111
0010011111000110
0010011111110110
0010100000100110
0010100001010110
0010100010000101
0010100010110101
0010100011100101
0010100100010100
0010100101000100
0010100101110011
0010100110100011
0010100111010010
0010101000000010
0010101000110001
0010101001100001
0010101010010000
0010101011000000
0010101011101111
0010101100011110
0010101101001110
0010101101111101
0010101110101100
0010101111011011
0010110000001011
0010110000111010
0010110001101001
0010110010011000
0010110011000111
0010110011110110
0010110100100101
0010110101010100
0010110110000011
0010110110110010
0010110111100001
0010111000010000
0010111000111111
0010111001101110
0010111010011101
0010111011001100
0010111011111010
0010111100101001
0010111101011000
0010111110000110
0010111110110101
0010111111100100
0011000000010010
0011000001000001
0011000001101111
0011000010011110
0011000011001100
0011000011111011
0011000100101001
0011000101011000
0011000110000110
0011000110110100
0011000111100011
0011001000010001
0011001000111111
0011001001101101
0011001010011100
0011001011001010
0011001011111000
0011001100100110
0011001101010100
0011001110000010
0011001110110000
0011001111011110
0011010000001100
0011010000111010
0011010001101000
0011010010010110
0011010011000011
0011010011110001
0011010100011111
0011010101001101
0011010101111010
0011010110101000
0011010111010110
0011011000000011
0011011000110001
0011011001011110
0011011010001100
0011011010111001
0011011011100111
0011011100010100
0011011101000001
0011011101101111
0011011110011100
0011011111001001
0011011111110110
0011100000100100
0011100001010001
0011100001111110
0011100010101011
0011100011011000
0011100100000101
0011100100110010
0011100101011111
0011100110001100
0011100110111001
0011100111100110
0011101000010010
0011101000111111
0011101001101100
0011101010011001
0011101011000101
0011101011110010
0011101100011111
0011101101001011
0011101101111000
0011101110100100
0011101111010001
0011101111111101
0011110000101001
0011110001010110
0011110010000010
0011110010101110
0011110011011011
0011110100000111
0011110100110011
0011110101011111
0011110110001011
0011110110110111
0011110111100011
0011111000001111
0011111000111011
0011111001100111
0011111010010011
0011111010111111
0011111011101011
0011111100010110
0011111101000010
0011111101101110
0011111110011001
0011111111000101
0011111111110000
0100000000011100
0100000001000111
0100000001110011
0100000010011110
0100000011001010
0100000011110101
0100000100100000
0100000101001100
0100000101110111
0100000110100010
0100000111001101
0100000111111000
0100001000100011
0100001001001110
0100001001111001
0100001010100100
0100001011001111
0100001011111010
0100001100100101
0100001101010000
0100001101111010
0100001110100101
0100001111010000
0100001111111010
0100010000100101
0100010001001111
0100010001111010
0100010010100100
0100010011001111
0100010011111001
0100010100100011
0100010101001110
0100010101111000
0100010110100010
0100010111001100
0100010111110110
0100011000100000
0100011001001010
0100011001110100
0100011010011110
0100011011001000
0100011011110010
0100011100011100
0100011101000110
0100011101101111
0100011110011001
0100011111000011
0100011111101100
0100100000010110
0100100000111111
0100100001101001
0100100010010010
0100100010111100
0100100011100101
0100100100001110
0100100100111000
0100100101100001
0100100110001010
0100100110110011
0100100111011100
0100101000000101
0100101000101110
0100101001010111
0100101010000000
0100101010101001
0100101011010010
0100101011111010
0100101100100011
0100101101001100
0100101101110100
0100101110011101
0100101111000101
0100101111101110
0100110000010110
0100110000111111
0100110001100111
0100110010001111
0100110010111000
0100110011100000
0100110100001000
0100110100110000
0100110101011000
0100110110000000
0100110110101000
0100110111010000
0100110111111000
0100111000100000
0100111001001000
0100111001101111
0100111010010111
0100111010111111
0100111011100110
0100111100001110
0100111100110101
0100111101011101
0100111110000100
0100111110101100
0100111111010011
0100111111111010
0101000000100001
0101000001001001
0101000001110000
0101000010010111
0101000010111110
0101000011100101
0101000100001100
0101000100110011
0101000101011001
0101000110000000
0101000110100111
0101000111001110
0101000111110100
0101001000011011
0101001001000001
0101001001101000
0101001010001110
0101001010110101
0101001011011011
0101001100000001
0101001100101000
0101001101001110
0101001101110100
0101001110011010
0101001111000000
0101001111100110
0101010000001100
0101010000110010
0101010001011000
0101010001111101
0101010010100011
0101010011001001
0101010011101111
0101010100010100
0101010100111010
0101010101011111
0101010110000101
0101010110101010
0101010111001111
0101010111110100
0101011000011010
0101011000111111
0101011001100100
0101011010001001
0101011010101110
0101011011010011
0101011011111000
0101011100011101
0101011101000010
0101011101100110
0101011110001011
0101011110110000
0101011111010100
0101011111111001
0101100000011101
0101100001000010
0101100001100110
0101100010001010
0101100010101111
0101100011010011
0101100011110111
0101100100011011
0101100100111111
0101100101100011
0101100110000111
0101100110101011
0101100111001111
0101100111110011
0101101000010110
0101101000111010
0101101001011110
0101101010000001
0101101010100101
0101101011001000
0101101011101100
0101101100001111
0101101100110010
0101101101010110
0101101101111001
0101101110011100
0101101110111111
0101101111100010
0101110000000101
0101110000101000
0101110001001011
0101110001101101
0101110010010000
0101110010110011
0101110011010110
0101110011111000
0101110100011011
0101110100111101
0101110101011111
0101110110000010
0101110110100100
0101110111000110
0101110111101001
0101111000001011
0101111000101101
0101111001001111
0101111001110001
0101111010010011
0101111010110100
0101111011010110
0101111011111000
0101111100011010
0101111100111011
0101111101011101
0101111101111110
0101111110100000
0101111111000001
0101111111100010
0110000000000100
0110000000100101
0110000001000110
0110000001100111
0110000010001000
0110000010101001
0110000011001010
0110000011101011
0110000100001100
0110000100101101
0110000101001101
0110000101101110
0110000110001110
0110000110101111
0110000111001111
0110000111110000
0110001000010000
0110001000110000
0110001001010001
0110001001110001
0110001010010001
0110001010110001
0110001011010001
0110001011110001
0110001100010001
0110001100110000
0110001101010000
0110001101110000
0110001110001111
0110001110101111
0110001111001110
0110001111101110
0110010000001101
0110010000101101
0110010001001100
0110010001101011
0110010010001010
0110010010101001
0110010011001000
0110010011100111
0110010100000110
0110010100100101
0110010101000100
0110010101100010
0110010110000001
0110010110100000
0110010110111110
0110010111011101
0110010111111011
0110011000011001
0110011000111000
0110011001010110
0110011001110100
0110011010010010
0110011010110000
0110011011001110
0110011011101100
0110011100001010
0110011100101000
0110011101000101
0110011101100011
0110011110000001
0110011110011110
0110011110111100
0110011111011001
0110011111110111
0110100000010100
0110100000110001
0110100001001110
0110100001101011
0110100010001000
0110100010100101
0110100011000010
0110100011011111
0110100011111100
0110100100011001
0110100100110101
0110100101010010
0110100101101110
0110100110001011
0110100110100111
0110100111000100
0110100111100000
0110100111111100
0110101000011000
0110101000110100
0110101001010000
0110101001101100
0110101010001000
0110101010100100
0110101011000000
0110101011011011
0110101011110111
0110101100010011
0110101100101110
0110101101001010
0110101101100101
0110101110000000
0110101110011100
0110101110110111
0110101111010010
0110101111101101
0110110000001000
0110110000100011
0110110000111110
0110110001011000
0110110001110011
0110110010001110
0110110010101000
0110110011000011
0110110011011101
0110110011111000
0110110100010010
0110110100101100
0110110101000111
0110110101100001
0110110101111011
0110110110010101
0110110110101111
0110110111001001
0110110111100011
0110110111111100
0110111000010110
0110111000110000
0110111001001001
0110111001100011
0110111001111100
0110111010010101
0110111010101111
0110111011001000
0110111011100001
0110111011111010
0110111100010011
0110111100101100
0110111101000101
0110111101011110
0110111101110110
0110111110001111
0110111110101000
0110111111000000
0110111111011001
0110111111110001
0111000000001001
0111000000100010
0111000000111010
0111000001010010
0111000001101010
0111000010000010
0111000010011010
0111000010110010
0111000011001010
0111000011100001
0111000011111001
0111000100010001
0111000100101000
0111000101000000
0111000101010111
0111000101101110
0111000110000110
0111000110011101
0111000110110100
0111000111001011
0111000111100010
0111000111111001
0111001000010000
0111001000100110
0111001000111101
0111001001010100
0111001001101010
0111001010000001
0111001010010111
0111001010101110
0111001011000100
0111001011011010
0111001011110000
0111001100000110
0111001100011100
0111001100110010
0111001101001000
0111001101011110
0111001101110100
0111001110001001
0111001110011111
0111001110110101
0111001111001010
0111001111011111
0111001111110101
0111010000001010
0111010000011111
0111010000110100
0111010001001001
0111010001011110
0111010001110011
0111010010001000
0111010010011101
0111010010110001
0111010011000110
0111010011011011
0111010011101111
0111010100000011
0111010100011000
0111010100101100
0111010101000000
0111010101010100
0111010101101000
0111010101111100
0111010110010000
0111010110100100
0111010110111000
0111010111001100
0111010111011111
0111010111110011
0111011000000110
0111011000011010
0111011000101101
0111011001000000
0111011001010011
0111011001100111
0111011001111010
0111011010001101
0111011010100000
0111011010110010
0111011011000101
0111011011011000
0111011011101010
0111011011111101
0111011100010000
0111011100100010
0111011100110100
0111011101000111
0111011101011001
0111011101101011
0111011101111101
0111011110001111
0111011110100001
0111011110110011
0111011111000100
0111011111010110
0111011111101000
0111011111111001
0111100000001011
0111100000011100
0111100000101110
0111100000111111
0111100001010000
0111100001100001
0111100001110010
0111100010000011
0111100010010100
0111100010100101
0111100010110110
0111100011000110
0111100011010111
0111100011100111
0111100011111000
0111100100001000
0111100100011001
0111100100101001
0111100100111001
0111100101001001
0111100101011001
0111100101101001
0111100101111001
0111100110001001
0111100110011000
0111100110101000
0111100110111000
0111100111000111
0111100111010111
0111100111100110
0111100111110101
0111101000000100
0111101000010100
0111101000100011
0111101000110010
0111101001000001
0111101001001111
0111101001011110
0111101001101101
0111101001111100
0111101010001010
0111101010011001
0111101010100111
0111101010110101
0111101011000100
0111101011010010
0111101011100000
0111101011101110
0111101011111100
0111101100001010
0111101100011000
0111101100100101
0111101100110011
0111101101000001
0111101101001110
0111101101011100
0111101101101001
0111101101110110
0111101110000011
0111101110010001
0111101110011110
0111101110101011
0111101110111000
0111101111000100
0111101111010001
0111101111011110
0111101111101011
0111101111110111
0111110000000100
0111110000010000
0111110000011100
0111110000101001
0111110000110101
0111110001000001
0111110001001101
0111110001011001
0111110001100101
0111110001110000
0111110001111100
0111110010001000
0111110010010011
0111110010011111
0111110010101010
0111110010110110
0111110011000001
0111110011001100
0111110011010111
0111110011100010
0111110011101101
0111110011111000
0111110100000011
0111110100001110
0111110100011000
0111110100100011
0111110100101110
0111110100111000
0111110101000010
0111110101001101
0111110101010111
0111110101100001
0111110101101011
0111110101110101
0111110101111111
0111110110001001
0111110110010011
0111110110011100
0111110110100110
0111110110110000
0111110110111001
0111110111000010
0111110111001100
0111110111010101
0111110111011110
0111110111100111
0111110111110000
0111110111111001
0111111000000010
0111111000001011
0111111000010011
0111111000011100
0111111000100101
0111111000101101
0111111000110110
0111111000111110
0111111001000110
0111111001001110
0111111001010110
0111111001011110
0111111001100110
0111111001101110
0111111001110110
0111111001111110
0111111010000101
0111111010001101
0111111010010100
0111111010011100
0111111010100011
0111111010101010
0111111010110010
0111111010111001
0111111011000000
0111111011000111
0111111011001110
0111111011010100
0111111011011011
0111111011100010
0111111011101000
0111111011101111
0111111011110101
0111111011111100
0111111100000010
0111111100001000
0111111100001110
0111111100010100
0111111100011010
0111111100100000
0111111100100110
0111111100101100
0111111100110001
0111111100110111
0111111100111100
0111111101000010
0111111101000111
0111111101001100
0111111101010010
0111111101010111
0111111101011100
0111111101100001
0111111101100110
0111111101101010
0111111101101111
0111111101110100
0111111101111000
0111111101111101
0111111110000001
0111111110000110
0111111110001010
0111111110001110
0111111110010010
0111111110010110
0111111110011010
0111111110011110
0111111110100010
0111111110100110
0111111110101001
0111111110101101
0111111110110000
0111111110110100
0111111110110111
0111111110111011
0111111110111110
0111111111000001
0111111111000100
0111111111000111
0111111111001010
0111111111001101
0111111111001111
0111111111010010
0111111111010101
0111111111010111
0111111111011001
0111111111011100
0111111111011110
0111111111100000
0111111111100010
0111111111100100
0111111111100110
0111111111101000
0111111111101010
0111111111101100
0111111111101110
0111111111101111
0111111111110001
0111111111110010
0111111111110011
0111111111110101
0111111111110110
0111111111110111
0111111111111000
0111111111111001
0111111111111010
0111111111111011
0111111111111011
0111111111111100
0111111111111101
0111111111111101
0111111111111110
0111111111111110
0111111111111110
0111111111111110
0111111111111110
